1 0 736.465 30.056 321.6531208 9.0063408
2 0 2021.380 45.435 321.5820740 9.0074982
3 0 120.853 56.733 321.6874982 9.0076930
4 0 80.137 59.368 321.6897328 9.0078190
6 0 747.463 113.321 321.6525478 9.0109989
7 0 1759.858 130.450 321.5964552 9.0121563
8 0 944.228 160.166 321.6416043 9.0136403
9 0 879.385 170.533 321.6452139 9.0142018
10 0 360.234 176.928 321.6741483 9.0144481
11 0 684.779 200.523 321.6560428 9.0158290
12 0 1103.757 205.336 321.6327807 9.0161727
13 0 615.707 207.902 321.6598817 9.0162243
14 0 454.099 211.867 321.6689344 9.0164134
15 0 1172.361 244.114 321.6289992 9.0183557
17 0 1205.685 283.743 321.6271658 9.0205616
18 0 771.992 291.995 321.6512300 9.0209455
19 0 1072.076 312.698 321.6345569 9.0221487
20 0 1022.264 332.225 321.6373071 9.0232258
22 0 1277.510 338.867 321.6232124 9.0236326
21 0 1382.059 345.022 321.6174255 9.0240280
24 0 1030.721 350.213 321.6368487 9.0242171
25 0 107.317 359.462 321.6883577 9.0245895
27 0 47.731 365.673 321.6916808 9.0249333
29 0 399.072 375.892 321.6720284 9.0255463
28 0 913.592 374.756 321.6433805 9.0255807
30 0 67.521 412.687 321.6905922 9.0275517
31 0 728.310 442.642 321.6536937 9.0293278
32 0 1016.002 452.948 321.6377082 9.0299409
34 0 383.209 457.514 321.6729451 9.0300956
33 0 1920.790 458.997 321.5877463 9.0304222
35 0 1541.491 462.136 321.6086592 9.0305425
37 0 305.908 474.290 321.6772423 9.0310238
39 0 249.104 485.706 321.6804508 9.0316483
40 0 194.312 502.007 321.6835448 9.0325593
42 0 1483.105 505.661 321.6118678 9.0329489
41 0 1977.569 508.508 321.5845950 9.0331724
44 0 64.160 527.830 321.6907641 9.0339745
46 0 686.474 569.551 321.6561001 9.0363810
48 0 1735.120 568.140 321.5980022 9.0364497
47 0 1324.344 569.623 321.6206913 9.0364726
49 0 1757.425 594.130 321.5967990 9.0378706
50 0 1290.508 611.781 321.6225821 9.0388103
51 0 342.849 625.923 321.6752942 9.0394864
52 0 688.844 668.615 321.6559855 9.0418985
53 0 309.478 701.841 321.6771850 9.0437091
54 0 613.246 719.862 321.6602254 9.0447404
55 0 1635.068 718.603 321.6035599 9.0448034
57 0 25.859 737.040 321.6930559 9.0456400
58 0 397.062 772.499 321.6723148 9.0476568
59 0 667.525 775.877 321.6571888 9.0478688
60 0 2034.454 776.911 321.5816156 9.0480406
61 0 1528.970 786.265 321.6094614 9.0485449
62 0 280.024 801.771 321.6788466 9.0492725
63 0 1443.760 851.374 321.6141596 9.0521430
64 0 1612.047 868.784 321.6048777 9.0531171
65 0 1104.257 907.204 321.6330099 9.0552084
66 0 712.195 922.626 321.6547823 9.0560391
67 0 219.740 927.445 321.6822843 9.0562741
68 0 1743.432 945.985 321.5977157 9.0574028
69 0 1682.580 966.216 321.6010962 9.0585200
70 0 1353.657 988.883 321.6192589 9.0597404
71 0 1030.711 992.420 321.6371352 9.0599410
72 0 543.986 1026.002 321.6642361 9.0617859
73 0 1758.094 1033.701 321.5969709 9.0622615
74 0 42.155 1043.905 321.6922538 9.0627542
77 0 704.643 1095.581 321.6552980 9.0656648
78 0 1745.300 1103.419 321.5976584 9.0661175
79 0 652.127 1111.018 321.6582201 9.0665243
80 0 879.053 1127.517 321.6456150 9.0674467
81 0 2028.038 1129.283 321.5821313 9.0675441
82 0 722.413 1172.502 321.6543240 9.0699334
83 0 1113.851 1208.227 321.6326089 9.0719273
84 0 1451.854 1258.398 321.6139304 9.0747176
85 0 1213.546 1263.341 321.6271085 9.0749811
86 0 628.942 1270.220 321.6595952 9.0753650
88 0 793.579 1301.445 321.6504278 9.0771068
90 0 801.554 1321.037 321.6500268 9.0781954
89 0 243.960 1321.259 321.6810811 9.0781954
91 0 610.090 1323.901 321.6606838 9.0783558
92 0 1455.758 1324.766 321.6137586 9.0783960
93 0 549.150 1382.322 321.6641215 9.0815931
94 0 670.402 1400.680 321.6573606 9.0826244
95 0 749.091 1424.611 321.6530062 9.0839422
97 0 133.575 1450.049 321.6873263 9.0853688
96 0 29.152 1450.270 321.6931705 9.0853688
98 0 1029.052 1456.013 321.6374790 9.0856782
100 0 1694.490 1479.208 321.6006378 9.0869388
99 0 680.864 1482.381 321.6567877 9.0871622
101 0 1042.366 1501.894 321.6367342 9.0882279
102 0 1893.352 1507.863 321.5897516 9.0885029
103 0 669.559 1521.590 321.6574752 9.0893394
104 0 79.860 1532.392 321.6903630 9.0899468
105 0 889.421 1542.876 321.6452712 9.0905026
106 0 1704.215 1550.604 321.6001795 9.0908807
107 0 518.168 1556.963 321.6658977 9.0912990
108 0 239.886 1624.290 321.6814822 9.0950518
110 0 1405.187 1637.828 321.6167379 9.0957165
111 0 919.300 1653.917 321.6436669 9.0966618
112 0 13.522 1683.530 321.6941445 9.0983521
113 0 758.177 1695.124 321.6526051 9.0989537
114 0 273.676 1701.363 321.6795914 9.0993376
115 0 1328.472 1746.021 321.6210351 9.1017268
116 0 348.430 1768.717 321.6754661 9.1030790
121 0 1628.069 1799.869 321.6045339 9.1046661
118 0 262.526 1799.402 321.6802790 9.1047807
120 0 754.389 1801.453 321.6528916 9.1048494
119 0 519.544 1804.682 321.6659550 9.1050557
122 0 1206.610 1829.448 321.6278533 9.1063563
123 0 1526.232 1843.135 321.6101489 9.1070668
124 0 166.961 1849.779 321.6856648 9.1075882
128 0 1855.378 1881.969 321.5920434 9.1091810
130 0 324.874 1903.844 321.6768985 9.1105790
133 0 719.486 1917.909 321.6548969 9.1113066
132 0 608.173 1918.561 321.6611422 9.1113582
134 0 1418.835 1926.715 321.6161650 9.1117077
135 0 1828.442 1938.059 321.5935904 9.1122864
136 0 615.779 1991.962 321.6607411 9.1154319
137 0 115.727 1996.793 321.6885868 9.1157471
138 0 1034.937 2011.077 321.6374790 9.1164346
139 0 1467.646 2012.690 321.6135294 9.1164518
141 0 618.602 2056.802 321.6606265 9.1190187
142 0 283.044 2086.831 321.6793622 9.1207318
143 0 253.623 2096.208 321.6809665 9.1212475
144 0 1145.180 2100.970 321.6314057 9.1213907
146 0 1641.339 2122.100 321.6040183 9.1224793
147 0 861.186 2141.348 321.6471620 9.1236653
148 0 1843.705 2150.309 321.5928456 9.1239919
149 0 539.022 2154.537 321.6650956 9.1244503
150 0 525.496 2185.991 321.6658977 9.1261978
152 0 26.432 2206.157 321.6937435 9.1273724
154 0 555.801 2226.967 321.6642361 9.1284553
156 0 1393.691 2231.808 321.6177693 9.1285699
155 0 985.411 2232.255 321.6403438 9.1286787
158 0 1776.124 2243.013 321.5966844 9.1291199
159 0 1529.546 2277.668 321.6102635 9.1310737
161 0 622.204 2291.352 321.6605692 9.1320076
163 0 1562.819 2302.867 321.6084873 9.1324488
162 0 1507.633 2303.771 321.6115240 9.1325118
164 0 486.841 2314.859 321.6681322 9.1333369
165 0 74.003 2329.976 321.6911651 9.1342307
166 0 255.522 2342.822 321.6810238 9.1349182
168 0 407.800 2375.778 321.6725440 9.1367231
169 0 1634.926 2398.229 321.6045912 9.1377085
170 0 1663.305 2399.300 321.6029869 9.1377601
171 0 1496.747 2407.388 321.6122116 9.1382299
172 0 36.161 2411.886 321.6933424 9.1387685
174 0 814.103 2419.416 321.6500268 9.1390550
173 0 253.944 2419.607 321.6811957 9.1391696
177 0 825.072 2452.934 321.6493965 9.1409056
175 0 188.460 2452.335 321.6848626 9.1409801
176 0 1605.431 2460.906 321.6062528 9.1411578
178 0 734.694 2462.315 321.6544386 9.1414442
180 0 419.688 2520.384 321.6719711 9.1447158
182 0 1187.657 2612.603 321.6294003 9.1496203
185 0 1685.007 2629.478 321.6019556 9.1504225
184 0 629.095 2630.113 321.6603973 9.1507319
183 0 117.888 2629.489 321.6889306 9.1508006
186 0 1150.318 2648.393 321.6315202 9.1516085
187 0 368.228 2651.750 321.6749504 9.1519752
188 0 539.423 2656.869 321.6654393 9.1522273
189 0 1889.225 2668.649 321.5907829 9.1525195
190 0 1739.359 2676.470 321.5990335 9.1529893
191 0 1330.124 2678.417 321.6216081 9.1532185
192 0 1618.996 2685.131 321.6056798 9.1535050
193 0 1067.428 2698.225 321.6361612 9.1543816
194 0 980.331 2708.987 321.6409740 9.1550004
195 0 1027.106 2718.807 321.6383957 9.1555333
196 0 247.515 2735.856 321.6817686 9.1566563
197 0 887.758 2755.671 321.6461307 9.1576016
198 0 267.194 2774.194 321.6806800 9.1587705
199 0 147.190 2811.875 321.6873836 9.1608732
200 0 583.546 2833.529 321.6630902 9.1619733
201 0 1070.541 2850.817 321.6361039 9.1627926
202 0 1101.326 2869.316 321.6343850 9.1637953
204 0 696.836 2875.036 321.6568450 9.1642308
203 0 244.982 2874.593 321.6819978 9.1643167
206 0 234.238 2911.955 321.6826281 9.1663736
208 0 662.324 2937.557 321.6587930 9.1676800
211 0 1747.006 3030.569 321.5988616 9.1724584
210 0 1135.405 3033.667 321.6326662 9.1728309
212 0 976.730 3033.642 321.6414324 9.1728824
213 0 1840.491 3101.694 321.5938196 9.1763316
214 0 1032.040 3105.259 321.6384530 9.1768072
215 0 597.220 3117.315 321.6625746 9.1776036
217 0 921.308 3165.499 321.6446410 9.1801533
218 0 1691.913 3188.514 321.6020702 9.1811502
220 0 1017.022 3192.656 321.6393698 9.1816086
219 0 523.892 3193.104 321.6666999 9.1817862
222 0 767.582 3212.648 321.6531780 9.1827946
224 0 422.245 3265.278 321.6724294 9.1857912
226 0 703.397 3296.337 321.6567877 9.1874184
227 0 516.016 3322.312 321.6672155 9.1888909
228 0 183.196 3345.486 321.6857793 9.1902717
229 0 627.394 3354.427 321.6610849 9.1906269
230 0 1279.753 3414.454 321.6249885 9.1936923
231 0 191.476 3432.089 321.6853783 9.1950330
232 0 75.299 3437.829 321.6919100 9.1953710
233 0 1770.481 3479.734 321.5980022 9.1970842
234 0 1140.027 3513.295 321.6328380 9.1991640
235 0 540.368 3517.431 321.6660123 9.1995994
236 0 1714.745 3546.218 321.6010962 9.2007454
237 0 433.135 3557.070 321.6720284 9.2018168
239 0 1471.269 3589.524 321.6145607 9.2032148
238 0 641.635 3585.226 321.6605119 9.2032950
240 0 1326.411 3593.757 321.6225821 9.2035013
241 0 528.450 3606.023 321.6667571 9.2044639
242 0 1210.514 3617.988 321.6289992 9.2048764
244 0 142.736 3628.710 321.6882431 9.2058390
245 0 891.221 3643.946 321.6467036 9.2064176
247 0 844.395 3653.021 321.6492819 9.2069333
246 0 1108.984 3655.034 321.6346715 9.2069448
250 0 1324.826 3724.977 321.6227540 9.2106862
251 0 502.010 3736.210 321.6683614 9.2116086
252 0 597.871 3748.873 321.6630329 9.2122790
253 0 959.379 3780.332 321.6430367 9.2138604
254 0 805.477 3785.169 321.6515738 9.2141870
255 0 508.946 3792.761 321.6680177 9.2147141
256 0 994.142 3796.761 321.6411459 9.2147484
257 0 371.513 3815.511 321.6756953 9.2160090
258 0 553.838 3831.999 321.6655539 9.2168455
260 0 123.023 3881.968 321.6895609 9.2197275
264 0 710.990 3953.895 321.6569596 9.2234574
266 0 1750.187 3966.847 321.5995492 9.2237382
265 0 891.118 3963.318 321.6469901 9.2238986
267 0 1634.992 4010.594 321.6059090 9.2261790
268 0 930.222 4035.322 321.6448702 9.2278176
272 0 1782.553 4060.281 321.5978303 9.2288260
273 0 938.971 4070.206 321.6444118 9.2297256
274 0 652.730 4104.070 321.6603400 9.2316908
275 0 1029.955 4118.805 321.6394271 9.2323440
277 0 100.100 4131.845 321.6910506 9.2334040
279 0 1389.671 4145.965 321.6195454 9.2336732
280 0 584.796 4161.267 321.6641788 9.2348421
0 1 161.625 14.499 321.8047254 9.0047651
4 1 85.469 16.279 321.8090226 9.0048454
5 1 1197.426 35.105 321.7461691 9.0062262
6 1 1526.302 50.802 321.7276626 9.0071888
7 1 239.548 60.534 321.8003136 9.0073664
8 1 579.849 65.434 321.7810622 9.0077503
9 1 1020.253 75.232 321.7561959 9.0084263
12 1 232.202 99.712 321.8007720 9.0095665
11 1 1477.245 98.292 321.7304128 9.0098301
13 1 1395.879 107.989 321.7349964 9.0103572
14 1 1319.102 195.423 321.7393509 9.0152274
15 1 96.820 210.030 321.8084496 9.0157029
16 1 340.333 232.901 321.7946413 9.0170494
19 1 287.529 246.176 321.7976780 9.0177770
17 1 1319.725 241.867 321.7393509 9.0178286
18 1 385.420 249.543 321.7921203 9.0180062
20 1 341.623 255.635 321.7945840 9.0183328
21 1 437.155 269.641 321.7891982 9.0191464
22 1 498.144 289.582 321.7857605 9.0202637
23 1 706.037 292.893 321.7740148 9.0205329
24 1 169.675 313.417 321.8043816 9.0215184
26 1 836.458 378.826 321.7666810 9.0253744
27 1 953.302 390.941 321.7600920 9.0260792
28 1 25.199 396.995 321.8125749 9.0261651
29 1 380.447 398.934 321.7924641 9.0263657
30 1 1557.223 405.706 321.7260583 9.0270417
31 1 1121.582 413.809 321.7505809 9.0273913
32 1 836.878 417.987 321.7666237 9.0275574
36 1 1543.138 476.669 321.7268604 9.0309952
37 1 1024.406 480.975 321.7560813 9.0311327
35 1 659.359 484.460 321.7767077 9.0312301
38 1 885.425 512.766 321.7639308 9.0328802
41 1 1620.175 539.868 321.7225632 9.0345475
42 1 1830.665 540.634 321.7107030 9.0346277
43 1 598.122 562.329 321.7802028 9.0355674
45 1 149.407 601.446 321.8055848 9.0376472
47 1 1114.616 622.622 321.7510392 9.0390739
48 1 404.759 631.306 321.7911463 9.0393833
50 1 1315.075 671.563 321.7397520 9.0418470
52 1 1521.786 707.301 321.7281209 9.0438810
53 1 903.733 717.704 321.7629568 9.0443508
56 1 944.429 733.035 321.7606649 9.0451988
55 1 1379.186 732.778 321.7361423 9.0452847
57 1 928.612 745.043 321.7615817 9.0458863
60 1 2010.110 808.723 321.7007335 9.0496220
59 1 1987.667 810.584 321.7019941 9.0497251
61 1 1294.130 812.879 321.7409552 9.0497423
63 1 1011.201 847.054 321.7569407 9.0515987
64 1 236.042 855.607 321.8007720 9.0519024
66 1 487.421 882.335 321.7865626 9.0534494
65 1 1153.849 880.558 321.7489193 9.0535067
68 1 1311.947 893.774 321.7400384 9.0542630
70 1 917.588 907.046 321.7622692 9.0549391
72 1 1244.642 915.490 321.7438200 9.0554719
73 1 530.409 929.159 321.7841562 9.0560792
74 1 1255.622 939.734 321.7432470 9.0568241
75 1 48.101 967.016 321.8114863 9.0580961
76 1 1275.341 974.583 321.7421011 9.0587836
78 1 1162.261 986.164 321.7485182 9.0594139
77 1 1689.058 988.250 321.7188390 9.0595972
79 1 872.197 994.523 321.7648475 9.0598264
80 1 279.621 1001.706 321.7983656 9.0600957
81 1 716.439 1028.509 321.7736711 9.0616770
82 1 1833.459 1058.941 321.7107603 9.0635506
84 1 1691.728 1076.733 321.7187244 9.0645361
87 1 1105.581 1116.209 321.7517268 9.0666560
85 1 995.360 1116.477 321.7579720 9.0666618
86 1 1162.667 1116.532 321.7485182 9.0666904
88 1 1300.301 1130.622 321.7407833 9.0674926
90 1 507.638 1133.914 321.7855313 9.0675269
89 1 1721.116 1135.112 321.7171201 9.0677962
91 1 1854.562 1168.455 321.7096144 9.0696755
92 1 1890.338 1200.123 321.7076090 9.0714345
93 1 721.077 1217.900 321.7734419 9.0722653
96 1 1156.470 1234.444 321.7489193 9.0732737
97 1 2028.269 1276.877 321.6999314 9.0757260
98 1 2016.190 1277.611 321.7006190 9.0757603
99 1 1194.650 1283.021 321.7467994 9.0759895
100 1 917.697 1326.522 321.7624411 9.0783788
102 1 36.240 1350.355 321.8122884 9.0795419
103 1 1813.045 1356.479 321.7120208 9.0801492
104 1 1298.750 1363.650 321.7409552 9.0805044
106 1 1251.877 1374.057 321.7435908 9.0810717
107 1 1168.124 1397.032 321.7483463 9.0823494
108 1 1316.199 1469.797 321.7400384 9.0864116
109 1 1565.167 1487.786 321.7260583 9.0874487
110 1 707.156 1502.796 321.7743586 9.0881649
111 1 735.859 1502.974 321.7727543 9.0881878
114 1 406.876 1521.068 321.7913755 9.0891504
115 1 1835.314 1532.649 321.7108749 9.0899582
118 1 1565.676 1549.436 321.7260583 9.0908807
117 1 1498.085 1550.226 321.7298398 9.0909265
119 1 47.954 1561.752 321.8117155 9.0913505
120 1 1799.681 1586.261 321.7129375 9.0929434
121 1 163.450 1592.910 321.8051837 9.0931152
122 1 1319.601 1616.328 321.7399239 9.0945935
123 1 738.484 1630.944 321.7726970 9.0953211
124 1 810.511 1638.177 321.7685717 9.0957337
125 1 987.887 1655.167 321.7586023 9.0967191
127 1 181.851 1680.171 321.8041524 9.0979854
129 1 359.671 1700.314 321.7940684 9.0991370
130 1 471.439 1708.198 321.7877658 9.0996011
131 1 1219.998 1739.854 321.7455961 9.1014575
132 1 1998.394 1752.426 321.7018795 9.1021909
133 1 1809.228 1769.516 321.7124792 9.1031191
134 1 192.864 1791.652 321.8035795 9.1042134
135 1 1010.007 1793.236 321.7573991 9.1044197
136 1 1176.403 1815.615 321.7480599 9.1056802
137 1 1223.876 1818.907 321.7454243 9.1058635
138 1 1473.377 1837.719 321.7313868 9.1069235
140 1 1992.882 1843.564 321.7022232 9.1072558
142 1 707.028 1861.183 321.7745305 9.1081611
143 1 1155.088 1865.362 321.7492631 9.1084476
145 1 1870.200 1866.772 321.7090987 9.1085450
144 1 830.475 1869.404 321.7675977 9.1086309
146 1 787.165 1881.694 321.7700041 9.1093070
148 1 1218.517 1939.590 321.7457680 9.1125786
151 1 1212.818 1978.654 321.7461118 9.1147559
150 1 1081.416 1980.667 321.7535030 9.1148590
153 1 1193.249 1987.951 321.7472004 9.1152658
152 1 793.951 1991.211 321.7697177 9.1154090
154 1 1763.788 2015.001 321.7151721 9.1167899
155 1 983.413 2016.793 321.7590606 9.1168643
157 1 1520.587 2066.477 321.7288085 9.1196489
158 1 900.856 2080.545 321.7637016 9.1203823
159 1 1294.673 2083.866 321.7415281 9.1206058
160 1 1376.846 2094.014 321.7369445 9.1211730
161 1 496.163 2138.363 321.7865626 9.1235794
162 1 749.845 2146.440 321.7722387 9.1240492
163 1 1799.304 2180.583 321.7132240 9.1259744
164 1 1025.741 2186.660 321.7567688 9.1263124
165 1 1116.331 2200.460 321.7516122 9.1270859
167 1 888.964 2218.033 321.7644465 9.1280370
168 1 2021.053 2241.367 321.7008481 9.1293434
169 1 1647.134 2271.379 321.7218184 9.1310221
170 1 1071.149 2290.409 321.7542478 9.1320878
172 1 1142.291 2296.913 321.7502371 9.1324431
174 1 954.177 2311.778 321.7608368 9.1332509
175 1 182.758 2322.900 321.8043816 9.1337838
176 1 868.794 2326.176 321.7656497 9.1340473
178 1 1111.410 2340.438 321.7520133 9.1348609
180 1 1505.186 2357.523 321.7298398 9.1358006
179 1 1516.666 2358.171 321.7292095 9.1358407
181 1 22.045 2364.330 321.8134916 9.1360756
183 1 705.844 2378.289 321.7748743 9.1369293
185 1 81.739 2400.701 321.8101112 9.1381096
186 1 2003.897 2401.259 321.7019368 9.1382013
187 1 1827.479 2409.927 321.7118489 9.1386998
191 1 233.049 2441.542 321.8016314 9.1404014
192 1 710.495 2445.793 321.7745878 9.1406822
193 1 809.978 2451.898 321.7690301 9.1410260
195 1 1808.439 2453.216 321.7129375 9.1411005
197 1 1430.302 2485.974 321.7341370 9.1429339
198 1 389.233 2492.793 321.7927506 9.1432605
200 1 1758.906 2505.739 321.7156877 9.1440054
201 1 623.858 2508.125 321.7795725 9.1441371
202 1 539.793 2538.583 321.7843281 9.1458216
203 1 1653.883 2555.123 321.7216465 9.1467498
204 1 823.971 2559.273 321.7682853 9.1469847
205 1 73.773 2565.724 321.8106268 9.1472655
207 1 599.765 2637.944 321.7810049 9.1513392
208 1 38.079 2701.317 321.8127468 9.1547999
209 1 2001.179 2729.999 321.7022805 9.1563927
211 1 323.573 2744.320 321.7966467 9.1572178
213 1 1970.457 2761.552 321.7040567 9.1581402
214 1 249.418 2761.740 321.8008293 9.1581746
215 1 845.404 2767.631 321.7671966 9.1585356
217 1 552.387 2784.186 321.7837551 9.1594408
218 1 30.077 2788.251 321.8132625 9.1596185
219 1 1655.173 2825.256 321.7217611 9.1617040
221 1 1151.537 2857.875 321.7500652 9.1635432
222 1 304.938 2862.833 321.7977353 9.1637839
223 1 569.299 2869.958 321.7827811 9.1641964
227 1 28.284 2941.158 321.8133770 9.1680925
229 1 762.713 2971.473 321.7719522 9.1698171
230 1 1738.847 2981.988 321.7171774 9.1703557
231 1 403.142 3010.219 321.7922349 9.1719542
232 1 194.742 3028.225 321.8040378 9.1729283
233 1 22.929 3067.194 321.8137781 9.1750654
234 1 1470.521 3087.301 321.7322462 9.1761884
235 1 1781.088 3091.025 321.7148856 9.1763660
236 1 28.414 3097.591 321.8134343 9.1767499
237 1 1735.943 3099.126 321.7174066 9.1768244
238 1 1569.850 3128.444 321.7267458 9.1784573
239 1 455.868 3132.460 321.7893128 9.1787209
242 1 1826.819 3181.306 321.7123646 9.1813393
243 1 493.632 3181.285 321.7872502 9.1814138
244 1 1209.051 3183.902 321.7470285 9.1815627
245 1 783.187 3192.032 321.7709782 9.1820211
246 1 471.729 3218.467 321.7885107 9.1834535
247 1 686.905 3227.088 321.7763640 9.1839577
248 1 1729.297 3229.649 321.7178650 9.1840150
250 1 826.047 3252.292 321.7685717 9.1853500
249 1 1563.895 3253.878 321.7271469 9.1853786
252 1 653.994 3359.015 321.7783120 9.1912343
253 1 1105.454 3383.864 321.7529300 9.1925864
254 1 887.147 3390.599 321.7651913 9.1929761
255 1 969.223 3393.456 321.7606076 9.1931136
258 1 1752.582 3414.622 321.7167191 9.1941965
259 1 553.392 3439.009 321.7840416 9.1956174
261 1 217.660 3448.705 321.8029492 9.1961502
262 1 1429.219 3451.627 321.7348245 9.1962877
263 1 650.547 3484.208 321.7785985 9.1981499
266 1 1955.260 3538.810 321.7054891 9.2009860
265 1 717.322 3539.232 321.7748743 9.2011636
267 1 924.061 3545.523 321.7632432 9.2015017
269 1 1071.735 3589.840 321.7549926 9.2039367
270 1 1129.765 3598.180 321.7517268 9.2043894
271 1 1553.566 3608.056 321.7279490 9.2048707
272 1 1390.353 3613.741 321.7371164 9.2052087
273 1 1900.388 3618.247 321.7085831 9.2053634
274 1 1144.422 3620.061 321.7509246 9.2055926
275 1 1365.948 3633.361 321.7384915 9.2062916
276 1 1807.967 3664.551 321.7137970 9.2079188
277 1 1981.176 3672.856 321.7041140 9.2083428
278 1 531.072 3688.708 321.7854167 9.2093741
279 1 332.403 3700.121 321.7966467 9.2100044
281 1 78.274 3724.537 321.8109706 9.2113336
282 1 782.382 3785.163 321.7713792 9.2146854
283 1 1339.890 3802.531 321.7400957 9.2155792
285 1 2015.438 3827.992 321.7023378 9.2168397
284 1 723.836 3824.546 321.7746451 9.2168512
287 1 931.160 3848.218 321.7630141 9.2181289
289 1 1123.670 3864.524 321.7522424 9.2190113
290 1 1382.792 3884.168 321.7377466 9.2200540
292 1 1574.765 3890.195 321.7269750 9.2203577
291 1 41.927 3889.601 321.8130906 9.2203978
293 1 452.641 3919.415 321.7900004 9.2220537
294 1 1488.548 3924.989 321.7318452 9.2222714
295 1 1359.548 3925.952 321.7390644 9.2223459
296 1 268.955 3951.977 321.8003709 9.2238356
297 1 214.502 3982.495 321.8034076 9.2255086
298 1 1353.604 3993.486 321.7394655 9.2260472
300 1 402.285 4093.157 321.7929225 9.2315819
301 1 1096.361 4094.000 321.7539613 9.2315877
1 2 1455.604 59.309 321.8517652 9.0071372
2 2 1680.421 87.466 321.8389883 9.0087873
3 2 547.547 94.267 321.9032741 9.0088160
4 2 1291.841 103.615 321.8610471 9.0095723
5 2 1117.141 105.993 321.8709593 9.0096525
7 2 1516.889 123.114 321.8482702 9.0107354
8 2 1328.616 125.987 321.8589272 9.0108385
6 2 1883.038 123.189 321.8274718 9.0108442
11 2 1162.610 167.982 321.8683810 9.0131475
12 2 1533.741 194.706 321.8473534 9.0147518
13 2 1206.761 208.190 321.8659173 9.0153992
14 2 1265.429 213.882 321.8625941 9.0157487
15 2 514.340 236.902 321.9052222 9.0167973
16 2 1366.116 238.850 321.8568645 9.0171811
17 2 1098.283 246.183 321.8721052 9.0175192
20 2 303.378 256.230 321.9171970 9.0178114
19 2 139.003 257.853 321.9265362 9.0178515
18 2 1577.424 253.880 321.8448897 9.0180864
25 2 947.037 368.795 321.8806996 9.0243374
27 2 2026.320 392.130 321.8194504 9.0259646
28 2 1070.476 417.737 321.8737095 9.0271277
29 2 653.315 427.575 321.8973727 9.0275345
30 2 1775.271 447.050 321.8337170 9.0289726
31 2 913.325 455.915 321.8826476 9.0292075
32 2 1656.429 464.443 321.8404779 9.0299237
33 2 1974.960 473.773 321.8223725 9.0305311
34 2 1671.958 511.326 321.8395612 9.0325479
37 2 1083.992 534.219 321.8729647 9.0336537
36 2 1614.757 535.613 321.8428271 9.0339001
39 2 933.749 565.454 321.8815017 9.0353611
40 2 1494.512 563.520 321.8497026 9.0354184
38 2 1206.642 566.144 321.8660319 9.0354929
41 2 1056.153 572.525 321.8745689 9.0357851
42 2 731.385 583.333 321.8930182 9.0362950
43 2 741.094 588.310 321.8924452 9.0365815
44 2 1238.183 639.920 321.8642557 9.0396239
45 2 94.613 682.903 321.9291718 9.0416522
47 2 300.872 709.492 321.9174835 9.0432221
46 2 1467.515 704.478 321.8512496 9.0433137
48 2 422.922 727.335 321.9105507 9.0442591
49 2 553.856 740.039 321.9031022 9.0450212
50 2 1036.349 761.592 321.8757722 9.0463791
52 2 1074.596 801.609 321.8735949 9.0486308
53 2 1771.105 807.568 321.8340608 9.0491694
54 2 1224.483 847.692 321.8651151 9.0512607
55 2 732.464 875.056 321.8930182 9.0526472
56 2 454.323 892.200 321.9088318 9.0535067
57 2 1571.821 962.865 321.8454054 9.0577981
59 2 1107.147 967.987 321.8718187 9.0579643
60 2 1364.854 983.867 321.8571510 9.0589383
62 2 387.296 995.853 321.9126706 9.0592821
63 2 747.194 1008.914 321.8922733 9.0601415
64 2 1967.197 1022.680 321.8230027 9.0612645
66 2 1071.003 1056.274 321.8738814 9.0628917
68 2 56.093 1078.420 321.9314636 9.0637798
69 2 1550.121 1082.987 321.8466659 9.0645361
70 2 849.157 1106.133 321.8864865 9.0656247
71 2 1341.379 1136.906 321.8585261 9.0674983
73 2 1197.875 1172.280 321.8667194 9.0694349
74 2 732.332 1181.601 321.8931328 9.0698016
76 2 1007.319 1210.513 321.8775483 9.0715090
78 2 151.683 1223.408 321.9260778 9.0719273
77 2 514.277 1226.582 321.9055087 9.0722481
79 2 1057.476 1229.122 321.8746835 9.0725747
80 2 46.174 1236.536 321.9320366 9.0726205
81 2 357.230 1250.813 321.9144468 9.0735373
82 2 1396.740 1263.098 321.8554321 9.0745629
83 2 348.576 1272.564 321.9149052 9.0747634
84 2 1274.585 1270.175 321.8623649 9.0749296
85 2 1878.130 1297.174 321.8281594 9.0766026
86 2 1103.166 1307.235 321.8721052 9.0769578
87 2 1614.886 1327.173 321.8431136 9.0782241
88 2 1484.459 1340.703 321.8505047 9.0789460
90 2 341.185 1408.211 321.9153635 9.0823379
93 2 1878.488 1450.462 321.8281594 9.0851740
94 2 1221.113 1458.549 321.8654589 9.0854548
96 2 788.501 1476.154 321.8900388 9.0863028
95 2 1602.160 1475.487 321.8438584 9.0865090
97 2 1774.868 1480.687 321.8340608 9.0868471
98 2 1116.732 1504.911 321.8714177 9.0880045
99 2 1219.320 1515.562 321.8655735 9.0886404
100 2 1181.701 1537.100 321.8677507 9.0898322
101 2 505.206 1584.788 321.9061389 9.0922730
102 2 1144.947 1591.593 321.8698707 9.0928631
103 2 1702.705 1597.233 321.8381861 9.0933330
104 2 1131.360 1602.722 321.8706155 9.0934877
106 2 1163.604 1635.626 321.8688394 9.0953326
107 2 1585.220 1658.900 321.8448897 9.0967535
108 2 1416.074 1669.490 321.8545154 9.0972978
109 2 373.823 1690.943 321.9136447 9.0981401
110 2 910.947 1701.864 321.8831633 9.0989594
112 2 1420.886 1719.459 321.8542289 9.1000881
111 2 1047.373 1726.304 321.8754284 9.1003689
115 2 1254.303 1763.456 321.8636827 9.1024888
116 2 1255.022 1811.359 321.8636827 9.1051760
117 2 235.722 1845.062 321.9214369 9.1066886
118 2 660.379 1867.324 321.8974300 9.1080981
119 2 1289.578 1882.804 321.8617347 9.1091581
120 2 1083.767 1912.936 321.8734230 9.1107623
122 2 852.157 1923.426 321.8865438 9.1112952
123 2 762.430 1946.909 321.8916431 9.1125729
124 2 367.493 1969.553 321.9140457 9.1136959
125 2 1794.361 2003.868 321.8331441 9.1160450
126 2 1971.573 2029.953 321.8231173 9.1175404
127 2 1712.519 2053.820 321.8378423 9.1188353
130 2 687.219 2134.151 321.8959976 9.1229893
129 2 1795.775 2130.370 321.8331441 9.1231038
131 2 1133.397 2143.245 321.8706728 9.1236367
132 2 79.490 2171.203 321.9303750 9.1248170
134 2 481.143 2177.516 321.9076859 9.1253269
133 2 1180.791 2174.276 321.8679799 9.1253842
136 2 1409.045 2186.758 321.8550884 9.1261463
135 2 1927.411 2185.493 321.8256956 9.1261978
138 2 1457.494 2200.656 321.8523382 9.1268854
139 2 1012.340 2207.317 321.8775483 9.1271719
140 2 1929.747 2211.474 321.8255810 9.1276359
143 2 1086.087 2291.744 321.8734230 9.1318930
146 2 1482.726 2304.573 321.8509631 9.1327238
144 2 1746.789 2303.933 321.8359516 9.1327525
145 2 1869.174 2308.714 321.8290761 9.1330447
147 2 437.454 2326.237 321.9101496 9.1335832
150 2 1367.741 2398.702 321.8574948 9.1379263
151 2 507.353 2409.140 321.9061962 9.1382185
152 2 215.096 2413.842 321.9227547 9.1383674
154 2 443.280 2427.592 321.9098631 9.1392269
155 2 68.962 2452.985 321.9310626 9.1404759
157 2 152.049 2462.019 321.9263643 9.1410202
158 2 1376.318 2463.151 321.8570364 9.1415073
156 2 2007.340 2461.511 321.8212839 9.1415646
159 2 798.675 2480.791 321.8897523 9.1423094
160 2 1300.428 2480.047 321.8613336 9.1424297
163 2 1240.732 2541.440 321.8647141 9.1458331
164 2 454.127 2605.467 321.9092902 9.1490130
165 2 1041.597 2609.489 321.8760013 9.1495401
166 2 969.716 2646.270 321.8801266 9.1515684
168 2 164.119 2659.409 321.9256768 9.1519809
172 2 927.411 2798.350 321.8825331 9.1599851
174 2 1928.715 2830.176 321.8259248 9.1620134
177 2 220.030 2911.282 321.9225828 9.1659783
176 2 2035.295 2904.287 321.8199088 9.1661387
178 2 1336.992 2914.532 321.8594429 9.1665570
180 2 1766.351 2955.510 321.8351494 9.1689118
182 2 1114.034 2981.565 321.8720479 9.1702067
183 2 305.874 2991.178 321.9177700 9.1704416
184 2 1051.850 2995.599 321.8755430 9.1709630
185 2 1445.390 2993.799 321.8533122 9.1709745
186 2 1292.795 2995.923 321.8619066 9.1710547
187 2 1265.436 3001.768 321.8635109 9.1713698
188 2 1603.407 3000.487 321.8443741 9.1713755
190 2 1192.895 3033.987 321.8676361 9.1731345
192 2 486.819 3039.896 321.9075140 9.1732090
193 2 803.121 3046.896 321.8896377 9.1737132
194 2 427.290 3061.336 321.9108945 9.1743721
195 2 543.488 3066.186 321.9043054 9.1746701
197 2 95.101 3082.751 321.9296875 9.1754149
196 2 1684.654 3075.835 321.8397904 9.1755639
198 2 817.541 3088.529 321.8888929 9.1759535
199 2 1998.894 3105.991 321.8220860 9.1772942
204 2 267.365 3214.985 321.9200045 9.1828061
205 2 895.373 3254.555 321.8844811 9.1852354
206 2 439.194 3258.669 321.9102642 9.1852812
208 2 1866.203 3282.211 321.8296490 9.1869886
209 2 667.807 3315.806 321.8973727 9.1885356
210 2 1618.999 3330.297 321.8436292 9.1896185
211 2 858.297 3334.440 321.8866011 9.1896242
212 2 1162.995 3360.476 321.8694123 9.1911770
213 2 819.677 3387.375 321.8888356 9.1925463
214 2 979.124 3402.073 321.8797829 9.1934172
216 2 684.834 3434.934 321.8964559 9.1951304
215 2 1530.503 3436.948 321.8486712 9.1954913
218 2 790.063 3462.326 321.8904972 9.1966774
219 2 318.866 3473.034 321.9171397 9.1970842
220 2 1254.869 3513.890 321.8642557 9.1996682
222 2 1641.745 3528.633 321.8424260 9.2005677
221 2 754.898 3533.102 321.8925025 9.2005677
224 2 1674.630 3581.793 321.8405352 9.2035127
228 2 1012.158 3665.901 321.8780067 9.2079761
230 2 773.590 3725.044 321.8915285 9.2111274
231 2 1463.243 3781.454 321.8525674 9.2144505
232 2 13.634 3802.345 321.9343857 9.2150750
233 2 1083.643 3815.874 321.8740533 9.2162381
234 2 1982.802 3850.184 321.8233465 9.2183180
235 2 1652.115 3857.079 321.8419676 9.2186388
236 2 427.947 3892.292 321.9110664 9.2202087
237 2 502.480 3905.912 321.9068265 9.2209880
238 2 1601.062 3925.970 321.8448897 9.2224204
239 2 1813.494 3930.714 321.8329149 9.2227183
242 2 1874.645 3997.636 321.8294772 9.2264024
243 2 1621.030 4005.745 321.8438011 9.2268035
244 2 1268.972 4015.912 321.8636254 9.2272848
245 2 772.742 4036.600 321.8916431 9.2282588
246 2 1336.276 4039.752 321.8598439 9.2286083
247 2 922.917 4052.009 321.8831633 9.2291583
248 2 992.992 4061.311 321.8792099 9.2296912
249 2 1116.384 4075.923 321.8722771 9.2305277
252 2 237.415 4126.937 321.9218380 9.2329914
251 2 868.176 4124.679 321.8862573 9.2331232
253 2 354.778 4139.135 321.9151916 9.2336962
254 2 850.264 4138.543 321.8872886 9.2338738
0 3 653.677 13.147 321.6580482 8.7700644
2 3 902.365 35.748 321.6442972 8.7715255
4 3 717.012 235.967 321.6544386 8.7823143
5 3 332.474 243.892 321.6758099 8.7824117
6 3 1109.313 278.686 321.6327807 8.7850072
7 3 1611.401 287.704 321.6050496 8.7859526
9 3 1284.632 297.812 321.6230405 8.7862104
11 3 608.922 324.220 321.6604546 8.7870469
10 3 1831.867 316.323 321.5929029 8.7877230
13 3 1776.911 345.727 321.5959396 8.7892814
14 3 1836.782 351.638 321.5926164 8.7896596
16 3 1175.837 379.194 321.6290565 8.7905706
20 3 694.612 437.032 321.6556418 8.7933036
17 3 1971.537 427.237 321.5851680 8.7939167
22 3 50.848 464.349 321.6913943 8.7942605
23 3 95.256 467.142 321.6889306 8.7944495
21 3 1946.032 451.774 321.5866004 8.7952345
24 3 1962.274 475.372 321.5856836 8.7965408
25 3 142.573 516.397 321.6862950 8.7971940
26 3 107.452 532.735 321.6882431 8.7980592
27 3 793.871 533.987 321.6500841 8.7987123
29 3 610.169 569.097 321.6602827 8.8004713
28 3 1873.116 553.003 321.5905538 8.8007120
31 3 965.830 581.804 321.6405730 8.8014797
34 3 774.306 591.487 321.6511727 8.8018464
33 3 1430.107 588.641 321.6149045 8.8022704
32 3 1381.784 592.010 321.6175974 8.8024136
35 3 1396.875 593.625 321.6167379 8.8025168
37 3 1269.060 613.915 321.6237853 8.8035080
40 3 691.096 654.347 321.6557564 8.8052269
42 3 365.588 661.996 321.6738045 8.8053758
41 3 1945.940 663.110 321.5864858 8.8068082
44 3 1105.765 726.367 321.6327807 8.8095355
45 3 1032.232 739.500 321.6368487 8.8102632
46 3 178.547 786.896 321.6841751 8.8121195
47 3 678.927 800.347 321.6563866 8.8132368
48 3 1248.359 811.929 321.6248739 8.8143541
49 3 1542.479 811.236 321.6086592 8.8145775
52 3 254.036 849.968 321.6799925 8.8156260
51 3 1790.601 842.451 321.5949655 8.8165084
53 3 1426.434 877.169 321.6150191 8.8181012
54 3 1167.399 885.766 321.6293430 8.8183419
56 3 1743.435 913.612 321.5975438 8.8203759
57 3 1813.635 937.850 321.5937050 8.8217624
58 3 1098.889 971.799 321.6330672 8.8230115
59 3 548.425 982.333 321.6636059 8.8231433
62 3 281.457 1043.475 321.6783882 8.8263003
61 3 891.687 1042.033 321.6445264 8.8267071
64 3 78.009 1082.196 321.6897328 8.8282827
63 3 998.675 1075.839 321.6386249 8.8286494
67 3 28.265 1106.851 321.6925402 8.8296005
65 3 1933.442 1079.564 321.5870587 8.8296406
68 3 1809.249 1143.764 321.5938769 8.8330612
69 3 28.130 1180.978 321.6925402 8.8336971
70 3 710.004 1179.699 321.6545531 8.8341440
71 3 56.899 1203.949 321.6908787 8.8349863
72 3 241.514 1224.365 321.6806227 8.8361322
75 3 53.099 1256.021 321.6911079 8.8378568
73 3 1808.431 1233.094 321.5938769 8.8379714
74 3 1113.710 1243.898 321.6322078 8.8380058
76 3 899.599 1270.630 321.6440107 8.8393007
77 3 824.994 1275.399 321.6481933 8.8395069
78 3 1257.871 1278.967 321.6241864 8.8400455
82 3 195.249 1314.267 321.6831437 8.8411800
79 3 1914.500 1294.863 321.5880327 8.8414550
84 3 630.676 1339.186 321.6589076 8.8428759
83 3 596.887 1345.335 321.6607984 8.8431910
86 3 1238.622 1409.359 321.6252750 8.8472132
89 3 463.322 1427.922 321.6682468 8.8476544
88 3 1773.942 1416.009 321.5957104 8.8480039
91 3 1464.735 1449.841 321.6127272 8.8496196
94 3 254.100 1526.693 321.6798206 8.8529542
95 3 1264.920 1537.400 321.6237280 8.8542892
96 3 1883.793 1564.411 321.5896370 8.8562602
97 3 1642.746 1583.323 321.6028724 8.8571139
100 3 757.998 1622.886 321.6518029 8.8586380
101 3 1325.372 1626.267 321.6204049 8.8592339
102 3 1832.889 1658.974 321.5923872 8.8614283
103 3 1199.778 1689.108 321.6273376 8.8626143
104 3 1626.319 1695.180 321.6037891 8.8632675
106 3 1855.448 1852.758 321.5911267 8.8721311
107 3 408.750 1877.221 321.6711689 8.8724635
109 3 29.779 1942.272 321.6923111 8.8758267
110 3 632.106 1936.377 321.6587357 8.8758897
111 3 209.930 1954.051 321.6822843 8.8765888
113 3 1306.928 1958.727 321.6213216 8.8775800
112 3 1833.097 1955.915 321.5923299 8.8777977
114 3 1996.397 1984.520 321.5833918 8.8794937
115 3 1028.145 1998.120 321.6367342 8.8795624
118 3 852.897 2016.411 321.6464744 8.8804677
119 3 527.777 2021.750 321.6645226 8.8805536
121 3 327.024 2036.653 321.6756953 8.8812412
122 3 155.073 2047.030 321.6853210 8.8817167
124 3 1385.346 2127.769 321.6170244 8.8869822
125 3 2023.286 2128.858 321.5818448 8.8874750
128 3 1343.792 2208.420 321.6192589 8.8914054
127 3 834.307 2214.283 321.6475058 8.8914112
129 3 1344.063 2229.489 321.6192589 8.8925800
131 3 683.306 2242.836 321.6558709 8.8929009
130 3 1671.788 2232.167 321.6011535 8.8929467
132 3 557.880 2247.204 321.6628610 8.8930670
133 3 474.325 2269.981 321.6675020 8.8942817
135 3 1750.265 2296.197 321.5968563 8.8965334
136 3 1654.560 2308.263 321.6021275 8.8971350
138 3 858.329 2357.906 321.6461307 8.8993867
140 3 533.995 2365.594 321.6641788 8.8996217
144 3 154.273 2395.771 321.6853210 8.9010770
143 3 818.990 2391.627 321.6483079 8.9012374
145 3 1587.767 2428.738 321.6057944 8.9037527
146 3 1728.550 2473.165 321.5980022 8.9063023
149 3 986.531 2535.852 321.6390260 8.9093276
150 3 702.579 2550.917 321.6547823 8.9099979
152 3 1244.106 2601.026 321.6247593 8.9130919
154 3 815.469 2713.551 321.6484798 8.9190965
155 3 486.691 2754.228 321.6668144 8.9211821
156 3 947.232 2756.653 321.6412032 8.9215545
157 3 538.365 2808.120 321.6638924 8.9242016
158 3 968.982 2845.493 321.6400000 8.9264991
159 3 112.422 2939.262 321.6877274 8.9313005
161 3 513.295 2971.500 321.6653248 8.9332829
160 3 882.097 2972.148 321.6448129 8.9334949
163 3 140.279 3009.934 321.6861231 8.9352424
164 3 903.023 3004.878 321.6436097 8.9353284
162 3 1832.485 3002.646 321.5922726 8.9356664
166 3 385.601 3053.766 321.6724867 8.9377978
167 3 1478.625 3058.928 321.6117532 8.9386057
168 3 45.968 3098.090 321.6913943 8.9401183
169 3 868.573 3160.474 321.6455577 8.9439571
170 3 1103.189 3167.793 321.6325516 8.9444785
171 3 428.008 3181.048 321.6700803 8.9449025
172 3 295.977 3186.601 321.6774715 8.9451546
173 3 1210.643 3186.706 321.6265928 8.9455729
175 3 450.093 3240.995 321.6688771 8.9482314
176 3 410.626 3271.238 321.6710543 8.9499044
177 3 865.974 3269.546 321.6457296 8.9500133
178 3 757.925 3287.397 321.6517457 8.9509530
180 3 985.192 3305.688 321.6390833 8.9520645
181 3 990.726 3347.880 321.6387968 8.9544136
184 3 492.552 3410.031 321.6665280 8.9576623
185 3 1449.376 3433.203 321.6134148 8.9593582
186 3 373.505 3445.421 321.6731743 8.9595989
187 3 141.778 3452.131 321.6861231 8.9598796
188 3 1883.546 3454.135 321.5894651 8.9607047
189 3 1664.711 3458.394 321.6015545 8.9608594
190 3 496.624 3470.832 321.6662988 8.9610657
191 3 1164.799 3491.124 321.6291711 8.9624637
193 3 470.076 3500.006 321.6677885 8.9626699
194 3 865.539 3502.722 321.6457869 8.9629793
197 3 128.053 3552.215 321.6869253 8.9654545
198 3 589.061 3563.005 321.6611995 8.9662280
199 3 1841.321 3561.875 321.5918143 8.9666520
201 3 403.143 3582.302 321.6715127 8.9672307
202 3 1550.050 3594.712 321.6078571 8.9683709
203 3 1489.209 3603.077 321.6112375 8.9688120
204 3 1304.371 3614.794 321.6214362 8.9693965
206 3 1060.086 3630.916 321.6350153 8.9701871
208 3 741.014 3715.387 321.6527197 8.9747708
209 3 1313.008 3719.105 321.6209778 8.9752005
210 3 1155.003 3727.411 321.6297441 8.9755844
212 3 694.361 3752.830 321.6553553 8.9768392
213 3 272.995 3758.957 321.6788466 8.9770340
214 3 1156.783 3778.993 321.6296868 8.9784607
215 3 1917.560 3817.465 321.5876317 8.9808671
217 3 1302.304 3855.256 321.6216081 8.9827693
218 3 73.409 3871.195 321.6900192 8.9832334
219 3 1984.035 3909.857 321.5840220 8.9860065
221 3 504.914 3936.671 321.6659550 8.9870149
223 3 1405.620 3970.394 321.6159358 8.9891864
224 3 128.864 4023.946 321.6869253 8.9917705
226 3 1287.709 4056.100 321.6224675 8.9939191
229 3 1175.522 4091.862 321.6287127 8.9958614
230 3 1040.231 4122.784 321.6362185 8.9975401
231 3 1588.462 4151.107 321.6058517 8.9992819
232 3 287.454 4162.123 321.6781017 8.9995340
3 4 1184.114 46.969 321.7464556 8.7707233
2 4 1860.542 40.042 321.7086404 8.7708437
4 4 386.567 58.296 321.7911463 8.7708723
6 4 1234.358 92.821 321.7436481 8.7732730
7 4 1086.589 95.362 321.7518987 8.7733188
11 4 883.362 190.670 321.7633005 8.7784067
12 4 288.036 200.967 321.7967040 8.7786187
13 4 753.659 205.577 321.7705198 8.7791458
14 4 417.921 213.015 321.7893701 8.7793521
17 4 433.997 233.284 321.7885107 8.7804694
16 4 2011.609 227.171 321.7001606 8.7811913
18 4 1959.889 239.747 321.7030827 8.7818616
19 4 2020.789 275.329 321.6996449 8.7838555
20 4 271.604 299.870 321.7976207 8.7840389
21 4 713.091 313.367 321.7728116 8.7850416
23 4 421.582 350.257 321.7891982 8.7868922
22 4 1415.910 345.084 321.7333921 8.7872360
24 4 893.222 377.794 321.7627276 8.7886913
25 4 1820.004 397.494 321.7108176 8.7903987
26 4 1837.197 400.464 321.7099009 8.7905706
29 4 592.818 481.706 321.7795725 8.7942261
30 4 849.898 490.472 321.7651340 8.7948563
31 4 778.324 520.637 321.7691447 8.7964721
32 4 1344.038 555.286 321.7374028 8.7987410
33 4 528.688 571.210 321.7831822 8.7991077
34 4 1651.573 574.967 321.7202141 8.8000301
35 4 1466.455 583.619 321.7305846 8.8003796
38 4 1877.938 592.606 321.7075517 8.8011703
40 4 196.694 625.038 321.8018606 8.8019037
42 4 405.914 645.910 321.7900577 8.8031585
41 4 1208.185 642.291 321.7450232 8.8034450
43 4 1634.217 665.819 321.7211308 8.8050378
45 4 236.494 715.429 321.7996261 8.8069114
46 4 1509.051 726.939 321.7281209 8.8083036
47 4 1626.071 742.568 321.7215892 8.8092376
49 4 771.819 764.507 321.7694885 8.8099079
48 4 1202.658 759.944 321.7453097 8.8099194
50 4 488.227 791.583 321.7854740 8.8112429
51 4 456.043 797.948 321.7872502 8.8115752
52 4 494.241 820.166 321.7851302 8.8128186
54 4 692.255 839.811 321.7739575 8.8140218
53 4 1985.205 834.582 321.7015357 8.8145603
56 4 183.550 863.225 321.8026054 8.8150416
58 4 566.345 904.171 321.7810622 8.8174939
59 4 360.416 932.518 321.7926360 8.8189607
61 4 71.067 968.155 321.8089653 8.8207827
62 4 59.272 971.318 321.8096528 8.8209431
63 4 935.678 1005.401 321.7602639 8.8233037
65 4 600.423 1040.635 321.7791715 8.8250569
64 4 1208.257 1037.745 321.7449659 8.8252517
66 4 1428.854 1050.143 321.7325900 8.8260711
67 4 1871.030 1050.557 321.7078382 8.8263862
68 4 62.258 1077.219 321.8094809 8.8268159
69 4 1256.939 1091.955 321.7422157 8.8282770
70 4 1218.018 1118.752 321.7443929 8.8297380
71 4 1947.015 1128.187 321.7035983 8.8307349
75 4 54.223 1155.278 321.8099393 8.8311246
74 4 715.613 1157.257 321.7726970 8.8315772
72 4 1520.537 1153.918 321.7274334 8.8318579
77 4 1296.055 1186.414 321.7400384 8.8335253
79 4 944.984 1218.560 321.7597482 8.8350952
82 4 189.628 1264.198 321.8023190 8.8372323
83 4 1324.690 1266.005 321.7384342 8.8379428
84 4 1363.193 1270.147 321.7362569 8.8381949
86 4 498.569 1309.374 321.7849010 8.8398851
85 4 1373.456 1307.843 321.7356840 8.8402862
87 4 429.219 1326.555 321.7887972 8.8407904
89 4 717.944 1332.339 321.7725252 8.8412716
90 4 276.755 1344.469 321.7973915 8.8417185
91 4 161.347 1346.737 321.8039232 8.8417930
92 4 64.754 1380.262 321.8093663 8.8435978
93 4 98.547 1401.165 321.8074756 8.8447667
95 4 157.372 1427.964 321.8041524 8.8463022
96 4 686.839 1449.714 321.7743013 8.8477633
98 4 1365.625 1458.838 321.7361423 8.8486456
99 4 133.148 1511.375 321.8055275 8.8509145
100 4 52.203 1514.837 321.8101112 8.8510635
102 4 479.368 1600.814 321.7859897 8.8560425
104 4 1581.936 1619.522 321.7239383 8.8576697
107 4 88.234 1642.807 321.8081058 8.8581968
106 4 1018.142 1636.766 321.7556229 8.8583114
109 4 15.083 1646.114 321.8122311 8.8583515
108 4 634.062 1646.191 321.7772807 8.8586380
110 4 844.240 1659.030 321.7654205 8.8594573
113 4 377.593 1711.463 321.7917192 8.8621388
114 4 519.201 1711.993 321.7837551 8.8622362
116 4 1453.436 1732.520 321.7311576 8.8638691
117 4 1854.361 1765.946 321.7086977 8.8659489
120 4 1794.558 1781.336 321.7120208 8.8667740
121 4 1878.458 1782.160 321.7073226 8.8668657
123 4 1184.220 1805.893 321.7462837 8.8677824
122 4 1801.631 1799.806 321.7116197 8.8677996
124 4 924.752 1814.385 321.7608941 8.8681262
125 4 1211.208 1846.155 321.7447940 8.8700456
126 4 325.300 1868.619 321.7946986 8.8708592
127 4 957.245 1875.808 321.7590606 8.8715582
129 4 1995.006 1905.976 321.7007908 8.8738042
131 4 15.789 1944.317 321.8122311 8.8749386
132 4 1680.921 1952.961 321.7184379 8.8762221
133 4 1628.374 1997.271 321.7213600 8.8786686
134 4 1522.991 2012.646 321.7272615 8.8794650
135 4 1257.437 2029.531 321.7421584 8.8802614
136 4 871.660 2041.447 321.7638735 8.8807255
137 4 1947.898 2047.371 321.7034264 8.8816251
140 4 1034.910 2069.462 321.7547062 8.8823642
141 4 884.869 2095.471 321.7631859 8.8837393
142 4 899.385 2097.533 321.7623265 8.8838653
144 4 964.520 2108.694 321.7586596 8.8845185
148 4 142.793 2130.293 321.8050692 8.8853436
145 4 1311.637 2121.331 321.7391217 8.8853951
149 4 1291.118 2151.948 321.7402676 8.8870853
151 4 1340.712 2184.655 321.7375174 8.8889303
153 4 892.096 2200.397 321.7627276 8.8895834
154 4 1344.795 2203.452 321.7372883 8.8899788
155 4 714.242 2214.883 321.7727543 8.8903111
156 4 1386.905 2211.892 321.7349391 8.8904773
157 4 345.030 2234.791 321.7936673 8.8912622
158 4 1241.053 2288.122 321.7431324 8.8946427
159 4 1705.843 2320.356 321.7170055 8.8966652
160 4 542.530 2406.984 321.7824946 8.9009452
162 4 1210.841 2417.432 321.7447940 8.9018275
163 4 1116.941 2428.581 321.7501225 8.9023948
164 4 1932.010 2439.315 321.7042859 8.9034032
165 4 1250.720 2455.663 321.7425595 8.9039819
167 4 534.566 2478.333 321.7829530 8.9049215
166 4 380.661 2480.948 321.7916619 8.9050017
168 4 1637.107 2478.928 321.7208444 8.9054601
175 4 28.704 2661.577 321.8116009 8.9149597
174 4 1765.890 2658.663 321.7136251 8.9155327
176 4 1061.593 2678.832 321.7532738 8.9163406
178 4 1998.323 2695.184 321.7006190 8.9176813
180 4 1809.804 2729.331 321.7111614 8.9194918
181 4 1731.020 2753.110 321.7155732 8.9207810
182 4 1942.067 2758.498 321.7037702 8.9211763
186 4 1802.329 2863.251 321.7116197 8.9269460
187 4 1460.597 2885.767 321.7308138 8.9280633
188 4 1510.388 2898.406 321.7280063 8.9287852
189 4 133.981 2911.033 321.8056994 8.9289399
191 4 2012.273 2954.552 321.6998741 8.9321313
194 4 988.030 3048.294 321.7574564 8.9369327
196 4 488.922 3079.189 321.7856459 8.9384739
197 4 1169.448 3081.877 321.7472004 8.9388865
198 4 1956.864 3083.729 321.7029681 8.9393047
200 4 360.441 3151.074 321.7929225 8.9424503
201 4 1401.764 3200.346 321.7341370 8.9456015
202 4 1679.204 3262.565 321.7185525 8.9491768
203 4 1716.802 3264.700 321.7164326 8.9493143
204 4 896.174 3278.835 321.7626703 8.9497956
206 4 631.096 3284.632 321.7776245 8.9500190
205 4 1055.330 3282.817 321.7536748 8.9500821
207 4 1882.098 3290.282 321.7072080 8.9508097
208 4 1686.247 3314.972 321.7181515 8.9521046
209 4 926.283 3332.955 321.7609514 8.9528323
210 4 1405.211 3335.330 321.7339651 8.9531416
211 4 1403.462 3409.373 321.7340797 8.9572669
214 4 1409.660 3418.624 321.7337359 8.9577826
212 4 1583.640 3418.506 321.7239383 8.9578342
215 4 990.451 3423.335 321.7573991 8.9579144
213 4 1950.043 3419.249 321.7033691 8.9580175
216 4 1030.598 3434.452 321.7551072 8.9585504
217 4 1652.879 3463.484 321.7200995 8.9603724
219 4 1946.247 3491.115 321.7035983 8.9620168
221 4 1624.943 3528.710 321.7216465 8.9640107
222 4 324.242 3544.938 321.7950424 8.9644748
223 4 1980.744 3583.676 321.7017076 8.9672020
225 4 992.881 3623.508 321.7572845 8.9690985
230 4 1712.368 3700.166 321.7167191 8.9736077
231 4 910.249 3730.256 321.7619827 8.9750458
233 4 585.333 3739.022 321.7803747 8.9754297
234 4 1307.230 3764.514 321.7395801 8.9770913
237 4 454.877 3827.718 321.7877085 8.9803514
238 4 1161.064 3846.415 321.7478307 8.9816291
240 4 833.287 3852.884 321.7663372 8.9818869
239 4 1714.771 3854.358 321.7167191 8.9822422
241 4 1496.243 3868.715 321.7289804 8.9829756
242 4 1062.589 3875.227 321.7533884 8.9832105
243 4 901.065 3877.533 321.7625557 8.9832850
244 4 463.926 3885.757 321.7872502 8.9836058
246 4 504.401 3897.158 321.7849583 8.9842590
247 4 826.015 3910.736 321.7667956 8.9851242
248 4 233.663 3946.896 321.8003136 8.9869633
249 4 917.150 3958.782 321.7616390 8.9878400
251 4 1776.866 4032.420 321.7132240 8.9922002
253 4 645.414 4051.028 321.7769942 8.9929278
254 4 1023.745 4062.656 321.7556229 8.9936841
255 4 2019.177 4075.865 321.6996449 8.9946983
257 4 834.867 4090.846 321.7663372 8.9952139
258 4 1648.421 4121.661 321.7205006 8.9971620
259 4 373.978 4138.651 321.7924068 8.9977579
261 4 1191.944 4161.356 321.7461691 8.9992590
260 4 1224.715 4161.285 321.7443356 8.9992648
2 5 743.636 22.041 321.8908982 8.7678070
3 5 141.964 50.535 321.9248173 8.7692738
4 5 1055.286 50.467 321.8733657 8.7694514
5 5 72.383 62.326 321.9287135 8.7699040
6 5 1565.229 69.772 321.8446605 8.7706775
7 5 1238.453 134.702 321.8630525 8.7741267
8 5 737.049 145.724 321.8912993 8.7746080
9 5 22.212 152.284 321.9315782 8.7748429
11 5 1024.377 186.201 321.8751419 8.7768884
13 5 1081.298 253.724 321.8719333 8.7806183
14 5 1990.557 256.713 321.8207109 8.7811397
16 5 829.120 276.817 321.8861427 8.7818215
18 5 562.415 296.973 321.9012115 8.7828815
19 5 1913.348 307.139 321.8250654 8.7838727
20 5 1718.944 316.352 321.8360089 8.7842967
21 5 36.631 332.107 321.9308334 8.7847322
22 5 896.042 363.717 321.8824185 8.7866287
23 5 275.130 385.883 321.9174262 8.7877173
24 5 943.255 438.253 321.8797829 8.7907482
25 5 1093.116 441.207 321.8713031 8.7909430
27 5 97.337 464.091 321.9274529 8.7920030
29 5 1017.990 486.388 321.8755430 8.7934125
28 5 1207.821 486.580 321.8648860 8.7934698
30 5 1835.975 493.317 321.8294199 8.7940886
31 5 1200.443 516.753 321.8652870 8.7951371
32 5 937.524 528.440 321.8801266 8.7957043
33 5 1474.875 550.425 321.8498172 8.7970737
34 5 1582.458 550.677 321.8437438 8.7971252
36 5 275.866 613.718 321.9174835 8.8002651
37 5 107.972 668.295 321.9269946 8.8032559
38 5 1013.593 676.363 321.8758867 8.8038861
39 5 250.031 690.519 321.9189732 8.8044935
40 5 158.295 692.176 321.9241298 8.8045794
41 5 611.200 714.761 321.8985759 8.8059087
43 5 491.404 763.597 321.9053941 8.8085787
45 5 196.388 803.599 321.9220098 8.8107330
46 5 1655.621 821.348 321.8396758 8.8120966
47 5 1685.847 833.968 321.8379569 8.8128243
48 5 728.320 839.689 321.8920442 8.8128357
49 5 901.023 868.243 321.8823039 8.8144629
51 5 1735.065 891.113 321.8352067 8.8159985
52 5 248.521 917.756 321.9191451 8.8170470
53 5 1992.750 927.386 321.8206536 8.8181070
54 5 1923.466 936.300 321.8246070 8.8185653
56 5 892.030 960.512 321.8828195 8.8195508
55 5 1348.949 958.378 321.8570364 8.8195680
58 5 1634.757 998.170 321.8408790 8.8218656
60 5 1700.637 1034.202 321.8371548 8.8238824
61 5 1479.472 1051.472 321.8496453 8.8247590
62 5 1461.595 1059.877 321.8506766 8.8252174
64 5 861.916 1114.818 321.8845957 8.8280822
63 5 1539.768 1115.839 321.8462648 8.8283400
65 5 140.655 1162.783 321.9253330 8.8305917
66 5 699.215 1177.009 321.8937630 8.8314855
67 5 1541.156 1224.394 321.8462075 8.8343560
68 5 1749.828 1243.080 321.8344046 8.8354848
70 5 299.605 1289.336 321.9163949 8.8376276
71 5 891.143 1294.077 321.8829914 8.8380287
72 5 520.081 1300.940 321.9039617 8.8383209
74 5 490.857 1354.841 321.9056233 8.8413060
73 5 1963.193 1350.422 321.8223725 8.8415180
76 5 1214.821 1408.279 321.8647141 8.8444516
77 5 1457.215 1419.344 321.8510204 8.8451391
79 5 1085.030 1423.321 321.8720479 8.8452480
82 5 1417.791 1493.018 321.8532549 8.8492186
83 5 1851.091 1525.779 321.8287323 8.8512067
84 5 1019.617 1535.206 321.8757722 8.8514416
85 5 1398.179 1675.250 321.8544008 8.8593427
88 5 579.323 1710.435 321.9007531 8.8610731
89 5 300.808 1723.477 321.9165094 8.8617434
90 5 636.942 1737.378 321.8974873 8.8625914
91 5 999.634 1742.485 321.8769754 8.8629638
92 5 1983.547 1761.823 321.8212839 8.8643848
94 5 312.863 1771.903 321.9158792 8.8644363
93 5 1954.056 1768.663 321.8229454 8.8647515
96 5 111.256 1808.611 321.9272811 8.8664417
97 5 610.876 1809.995 321.8989769 8.8666136
100 5 575.175 1888.496 321.9010396 8.8709795
99 5 1774.347 1887.878 321.8331441 8.8713004
102 5 136.993 1908.609 321.9258487 8.8720108
103 5 1258.299 1929.303 321.8623649 8.8734375
104 5 1639.322 1942.375 321.8408217 8.8742912
105 5 818.795 1948.665 321.8872886 8.8743829
106 5 1334.172 1959.670 321.8581251 8.8751564
107 5 988.710 1976.889 321.8776629 8.8760158
108 5 1039.704 1994.827 321.8747408 8.8770471
109 5 1431.132 1998.993 321.8526247 8.8773737
110 5 793.254 2021.702 321.8887210 8.8784623
111 5 1664.540 2024.944 321.8393893 8.8789035
114 5 23.994 2063.207 321.9323231 8.8806052
116 5 566.404 2083.610 321.9016125 8.8818542
117 5 284.747 2090.988 321.9175408 8.8821980
119 5 454.241 2126.439 321.9079724 8.8842148
120 5 1439.210 2130.808 321.8521663 8.8847248
122 5 760.720 2151.972 321.8906691 8.8857160
123 5 736.513 2154.700 321.8919869 8.8858649
124 5 1468.188 2200.250 321.8505620 8.8886094
125 5 517.360 2218.454 321.9044200 8.8893600
126 5 1257.174 2244.635 321.8625368 8.8910216
130 5 523.333 2302.005 321.9041336 8.8940296
133 5 169.036 2323.054 321.9242444 8.8951182
131 5 872.217 2322.680 321.8843665 8.8952672
132 5 1858.163 2328.539 321.8285031 8.8958917
134 5 1628.992 2338.968 321.8414520 8.8964016
135 5 686.636 2366.464 321.8949089 8.8976621
136 5 1907.780 2380.908 321.8256956 8.8988367
137 5 233.159 2390.135 321.9205774 8.8988711
138 5 319.906 2418.216 321.9157073 8.9004639
140 5 37.915 2431.193 321.9316928 8.9011285
139 5 1198.718 2428.053 321.8659173 8.9012431
141 5 103.810 2435.366 321.9279113 8.9013692
142 5 907.559 2455.284 321.8824185 8.9026813
143 5 1038.815 2478.241 321.8749700 8.9039933
144 5 1809.153 2483.170 321.8313106 8.9045090
146 5 527.036 2543.782 321.9040190 8.9075285
145 5 326.232 2546.346 321.9153635 8.9076202
147 5 1542.515 2580.331 321.8464367 8.9098604
149 5 1472.044 2611.851 321.8504474 8.9115907
150 5 273.995 2623.848 321.9183429 8.9119517
151 5 1127.457 2682.956 321.8699853 8.9154697
152 5 1064.626 2712.034 321.8735949 8.9170568
153 5 365.070 2719.040 321.9132436 8.9172860
156 5 732.358 2746.158 321.8924452 8.9189017
157 5 309.064 2748.791 321.9164522 8.9189418
154 5 1970.164 2740.563 321.8222579 8.9189533
158 5 811.064 2758.893 321.8879762 8.9196236
159 5 1359.882 2767.297 321.8568645 8.9202481
160 5 945.008 2799.210 321.8803558 8.9219154
161 5 1922.354 2806.808 321.8249508 8.9226431
162 5 91.199 2835.334 321.9287707 8.9237260
164 5 2016.802 2852.942 321.8196223 8.9252673
165 5 1193.055 2927.542 321.8663756 8.9291691
166 5 1855.874 2960.518 321.8287323 8.9312088
167 5 1739.557 2969.940 321.8353213 8.9317016
168 5 490.654 3012.529 321.9061962 8.9337413
170 5 991.554 3033.946 321.8777775 8.9350706
171 5 1204.235 3034.572 321.8657454 8.9351680
174 5 385.686 3087.281 321.9122123 8.9379010
173 5 1062.717 3084.803 321.8737668 8.9379353
175 5 1845.645 3089.985 321.8293626 8.9384567
176 5 578.235 3103.588 321.9012688 8.9388578
177 5 1424.976 3124.952 321.8532549 8.9402845
180 5 1378.460 3167.078 321.8558905 8.9426393
183 5 1513.934 3227.884 321.8482129 8.9460828
184 5 1093.952 3233.955 321.8720479 8.9463005
185 5 854.888 3277.448 321.8856270 8.9486668
186 5 15.773 3298.350 321.9331825 8.9496008
188 5 1559.781 3318.771 321.8456346 8.9511936
189 5 725.194 3342.583 321.8930182 8.9522765
192 5 618.674 3370.230 321.8990342 8.9538006
193 5 597.210 3388.663 321.9002947 8.9548261
194 5 979.095 3391.345 321.8786369 8.9550782
195 5 428.265 3398.869 321.9098631 8.9553590
197 5 971.791 3398.702 321.8790380 8.9555137
196 5 1771.956 3398.202 321.8336025 8.9556970
198 5 778.708 3411.168 321.8899815 8.9561382
199 5 469.890 3430.115 321.9075140 8.9571122
200 5 820.013 3432.820 321.8876897 8.9573643
202 5 1949.944 3468.397 321.8235184 8.9596791
203 5 1942.876 3495.698 321.8239768 8.9612089
205 5 87.479 3517.170 321.9292291 8.9618907
204 5 1356.086 3514.376 321.8572656 8.9620855
206 5 792.515 3528.873 321.8892367 8.9627444
208 5 2006.734 3558.904 321.8203671 8.9647555
209 5 1499.321 3605.372 321.8491296 8.9672250
210 5 233.143 3615.833 321.9210358 8.9674599
211 5 416.258 3647.104 321.9106653 8.9692590
212 5 1777.554 3654.881 321.8333733 8.9700897
213 5 78.004 3705.658 321.9298594 8.9724503
214 5 923.404 3713.679 321.8818455 8.9731436
215 5 1748.405 3721.291 321.8350349 8.9737968
216 5 1020.353 3754.078 321.8764024 8.9754412
217 5 1227.177 3813.976 321.8646568 8.9788388
219 5 12.959 3859.431 321.9335836 8.9810447
220 5 1733.165 3862.038 321.8359516 8.9816807
221 5 1507.409 3891.298 321.8487858 8.9832449
222 5 999.995 3909.148 321.8776056 8.9841100
223 5 1058.833 3924.137 321.8742252 8.9849637
224 5 1846.977 3933.023 321.8294772 8.9856971
225 5 1224.060 3944.418 321.8648860 8.9861555
226 5 1795.775 3987.987 321.8323992 8.9887567
227 5 822.055 4063.976 321.8877470 8.9927445
228 5 430.814 4082.148 321.9099777 8.9936440
230 5 1267.632 4122.807 321.8624222 8.9961651
232 5 712.637 4155.787 321.8939922 8.9978667
1 6 166.620 26.080 322.1628240 9.0033786
2 6 1688.079 30.694 322.0784846 9.0041750
4 6 382.521 92.424 322.1509065 9.0071372
6 6 2016.113 100.037 322.0601500 9.0081685
7 6 1861.044 151.155 322.0688016 9.0109703
9 6 882.623 181.142 322.1233472 9.0122537
10 6 946.220 187.613 322.1197949 9.0126433
14 6 85.211 212.450 322.1673504 9.0136746
16 6 43.488 228.760 322.1696422 9.0145627
15 6 1801.058 223.001 322.0722394 9.0149523
18 6 1776.582 229.425 322.0735572 9.0152847
17 6 1575.206 237.053 322.0848444 9.0156399
20 6 728.564 243.600 322.1318843 9.0156571
21 6 1179.005 268.287 322.1069033 9.0172155
22 6 1055.870 277.347 322.1137215 9.0176682
24 6 243.464 294.620 322.1586414 9.0182927
23 6 1946.381 289.428 322.0641034 9.0187224
25 6 1944.001 312.314 322.0642180 9.0199944
28 6 1877.004 349.222 322.0679995 9.0220284
27 6 2019.558 356.341 322.0600354 9.0224753
29 6 925.622 379.435 322.1209981 9.0232889
30 6 186.932 403.465 322.1617927 9.0243030
32 6 74.767 422.985 322.1679233 9.0253286
33 6 448.425 438.720 322.1474114 9.0263771
35 6 1112.265 465.342 322.1106276 9.0281533
34 6 1623.822 462.685 322.0822088 9.0282335
37 6 683.846 586.509 322.1344053 9.0346965
38 6 1202.688 608.669 322.1056428 9.0361747
39 6 1722.778 625.260 322.0766512 9.0373435
40 6 475.352 636.552 322.1459790 9.0373722
42 6 407.337 653.888 322.1497033 9.0383004
41 6 1988.926 651.588 322.0618115 9.0389363
44 6 896.715 721.679 322.1226597 9.0423168
43 6 1782.193 714.039 322.0733853 9.0423168
46 6 1233.479 757.291 322.1039812 9.0444539
48 6 584.868 791.661 322.1399630 9.0460410
49 6 911.678 826.393 322.1218575 9.0481323
50 6 417.726 845.390 322.1491303 9.0489287
51 6 167.974 906.546 322.1629386 9.0521659
52 6 1166.075 921.875 322.1077628 9.0535754
53 6 428.862 1006.227 322.1485574 9.0578440
55 6 1266.346 1018.061 322.1022051 9.0589727
56 6 823.935 1031.971 322.1267277 9.0595055
57 6 475.251 1044.535 322.1460363 9.0599983
58 6 308.639 1054.187 322.1552037 9.0604280
59 6 1572.415 1059.885 322.0851882 9.0614708
61 6 1243.805 1109.660 322.1034656 9.0640548
63 6 303.566 1122.914 322.1554901 9.0642439
62 6 1851.596 1118.532 322.0696038 9.0648913
66 6 235.625 1202.835 322.1592144 9.0686213
67 6 78.476 1216.858 322.1678660 9.0692917
68 6 1917.051 1244.646 322.0659368 9.0719273
71 6 801.190 1260.441 322.1280455 9.0721622
73 6 647.970 1287.433 322.1365252 9.0735659
77 6 273.268 1349.144 322.1571517 9.0767401
76 6 937.153 1347.304 322.1204824 9.0770896
78 6 1284.323 1388.477 322.1012310 9.0795762
79 6 1090.068 1413.234 322.1120026 9.0808253
81 6 502.001 1524.604 322.1445467 9.0866064
84 6 892.943 1552.870 322.1229461 9.0884342
85 6 339.280 1562.205 322.1535421 9.0885774
83 6 1796.675 1549.472 322.0726977 9.0888295
86 6 819.575 1579.766 322.1270141 9.0898780
87 6 273.457 1591.212 322.1571517 9.0901473
89 6 419.611 1607.233 322.1490730 9.0911213
88 6 1791.132 1599.919 322.0729842 9.0916313
90 6 938.584 1645.083 322.1204251 9.0935793
93 6 198.120 1663.164 322.1613343 9.0940606
92 6 911.215 1661.101 322.1219148 9.0944445
94 6 1484.907 1674.515 322.0900584 9.0955790
96 6 808.804 1688.559 322.1276444 9.0958998
97 6 1689.163 1693.344 322.0787138 9.0967535
99 6 274.984 1717.931 322.1570944 9.0971374
101 6 1561.675 1724.879 322.0858185 9.0984266
100 6 1886.490 1725.450 322.0676557 9.0986729
102 6 388.291 1750.972 322.1508492 9.0990511
103 6 1669.269 1763.027 322.0798024 9.1006153
104 6 356.981 1813.186 322.1525681 9.1024659
107 6 1608.005 1839.568 322.0832402 9.1048208
106 6 1724.333 1839.140 322.0767657 9.1048781
108 6 835.879 1872.063 322.1260974 9.1060755
109 6 236.442 1908.445 322.1592144 9.1076397
110 6 1065.063 1910.273 322.1134350 9.1083616
111 6 1176.927 1926.206 322.1071898 9.1093242
112 6 1718.999 1954.093 322.0770522 9.1112551
113 6 581.182 1980.337 322.1401922 9.1118796
116 6 508.767 2032.509 322.1442029 9.1146986
117 6 1389.681 2045.415 322.0953869 9.1160851
118 6 1420.497 2061.542 322.0936680 9.1170018
119 6 985.513 2124.317 322.1177895 9.1201417
121 6 1011.261 2157.330 322.1164144 9.1219923
122 6 289.661 2190.585 322.1562350 9.1232585
123 6 576.905 2210.498 322.1404214 9.1245878
124 6 1419.850 2209.436 322.0936680 9.1252009
126 6 292.351 2236.007 322.1560631 9.1257681
125 6 1814.183 2217.000 322.0717237 9.1258942
127 6 692.981 2262.045 322.1340042 9.1275271
128 6 970.754 2259.866 322.1185917 9.1276188
130 6 43.380 2277.489 322.1697568 9.1278479
129 6 121.608 2280.097 322.1655169 9.1280542
131 6 404.338 2277.268 322.1499325 9.1281401
133 6 784.785 2287.209 322.1289049 9.1289939
132 6 1917.605 2284.994 322.0659368 9.1297502
134 6 1284.578 2314.139 322.1012310 9.1308789
135 6 357.587 2330.033 322.1525108 9.1309992
136 6 1499.564 2344.475 322.0892562 9.1327238
138 6 639.480 2475.637 322.1369263 9.1392670
141 6 1463.142 2507.897 322.0912616 9.1417250
142 6 1012.429 2519.907 322.1162998 9.1420229
143 6 1683.215 2597.472 322.0790003 9.1468587
144 6 1220.857 2604.519 322.1047261 9.1468701
145 6 1059.196 2614.192 322.1136642 9.1472598
146 6 740.221 2620.322 322.1313113 9.1473342
148 6 557.719 2641.328 322.1413954 9.1483369
147 6 1853.517 2640.831 322.0694892 9.1493854
150 6 1496.457 2722.332 322.0893708 9.1536024
152 6 588.106 2757.452 322.1396765 9.1547540
151 6 1679.227 2748.739 322.0792295 9.1552067
153 6 1806.407 2778.402 322.0721248 9.1569485
154 6 1919.086 2844.524 322.0658223 9.1606899
155 6 1542.091 2887.350 322.0868498 9.1627411
156 6 1076.993 2932.006 322.1126329 9.1648094
158 6 1906.012 2963.105 322.0665098 9.1672273
159 6 1500.862 2969.447 322.0890843 9.1672331
160 6 1091.433 2986.473 322.1118308 9.1677545
163 6 812.017 2998.964 322.1273006 9.1682472
161 6 1786.272 2986.236 322.0732134 9.1684019
162 6 1479.580 2994.040 322.0902875 9.1685681
165 6 511.099 3045.259 322.1439164 9.1705161
164 6 1322.731 3034.059 322.0989965 9.1706250
166 6 1296.035 3075.901 322.1004862 9.1729053
167 6 1906.391 3127.074 322.0665098 9.1762629
170 6 12.745 3219.813 322.1713038 9.1796319
172 6 350.564 3220.629 322.1526827 9.1799986
173 6 23.664 3230.746 322.1706735 9.1802507
174 6 781.015 3247.300 322.1289622 9.1818664
175 6 1844.704 3273.394 322.0699475 9.1842728
176 6 1282.423 3283.871 322.1011737 9.1843416
178 6 263.712 3315.010 322.1574382 9.1850922
177 6 1743.308 3291.476 322.0755625 9.1851724
179 6 855.886 3326.986 322.1247796 9.1863126
181 6 1248.611 3333.444 322.1030072 9.1870288
182 6 136.061 3376.086 322.1644856 9.1883179
184 6 1718.069 3401.204 322.0769376 9.1911770
185 6 195.839 3434.576 322.1611624 9.1915666
187 6 943.987 3480.486 322.1198522 9.1948152
189 6 931.583 3508.904 322.1205397 9.1963622
190 6 1566.579 3517.010 322.0853028 9.1973993
191 6 1095.699 3525.244 322.1114297 9.1974165
192 6 1851.104 3595.966 322.0694892 9.2019944
193 6 833.183 3617.690 322.1259828 9.2022351
195 6 1359.286 3634.710 322.0968193 9.2036674
196 6 316.210 3661.948 322.1544588 9.2041545
199 6 370.851 3692.525 322.1514794 9.2058733
200 6 165.546 3710.158 322.1627667 9.2066411
201 6 712.813 3718.960 322.1325718 9.2076552
203 6 969.450 3735.592 322.1183625 9.2088069
205 6 1036.007 3762.313 322.1146956 9.2103481
206 6 323.027 3776.171 322.1540578 9.2104054
207 6 791.023 3815.842 322.1282174 9.2130410
208 6 643.398 3823.269 322.1364107 9.2132989
210 6 610.861 3870.116 322.1381868 9.2158313
211 6 211.448 3890.431 322.1601884 9.2165418
213 6 1261.434 3915.855 322.1021478 9.2189769
212 6 1662.696 3917.564 322.0799170 9.2194467
214 6 1833.314 3922.276 322.0704632 9.2198592
215 6 1920.381 3930.332 322.0655931 9.2203864
216 6 999.576 3956.473 322.1166436 9.2209364
217 6 81.196 3980.534 322.1672931 9.2213317
218 6 555.735 3984.786 322.1411662 9.2220479
221 6 386.958 4000.971 322.1505054 9.2227641
219 6 1147.949 3987.666 322.1084503 9.2227928
220 6 1404.890 4003.025 322.0941837 9.2238929
224 6 971.609 4095.006 322.1181906 9.2284937
223 6 2019.327 4091.306 322.0600354 9.2292787
228 6 53.912 4154.445 322.1687828 9.2307913
229 6 1500.423 4156.723 322.0888552 9.2323841
0 7 1237.730 42.765 321.9844622 9.0054699
1 7 1710.688 93.148 321.9577051 9.0084435
4 7 1641.008 233.021 321.9617158 9.0162587
5 7 1000.740 241.569 321.9979268 9.0165108
6 7 1107.554 245.575 321.9919107 9.0167743
9 7 1897.407 274.490 321.9472200 9.0186708
10 7 1109.636 279.406 321.9917961 9.0186708
14 7 811.073 300.370 322.0086411 9.0197251
17 7 1192.322 370.828 321.9871551 9.0238103
18 7 1565.752 387.444 321.9660130 9.0248817
19 7 1786.554 414.278 321.9535225 9.0264631
21 7 776.242 438.701 322.0106464 9.0274600
20 7 1908.915 431.806 321.9465897 9.0274944
22 7 1656.323 443.053 321.9609137 9.0280272
23 7 137.329 479.610 322.0465709 9.0294883
26 7 278.771 514.295 322.0386641 9.0314822
25 7 1811.070 513.576 321.9521474 9.0319864
27 7 1583.032 534.824 321.9650963 9.0331380
28 7 259.653 560.538 322.0396954 9.0340605
29 7 327.370 570.836 322.0359139 9.0346621
31 7 1550.606 601.089 321.9669297 9.0368393
32 7 580.506 631.220 322.0217045 9.0381342
34 7 1412.839 658.082 321.9747220 9.0399791
35 7 1523.554 657.685 321.9684767 9.0399963
36 7 263.879 676.542 322.0395235 9.0405349
37 7 1003.514 680.577 321.9978695 9.0410678
38 7 386.311 705.402 322.0326480 9.0422194
40 7 1698.187 732.068 321.9586218 9.0442362
44 7 619.935 778.582 322.0195273 9.0463905
42 7 1709.458 770.701 321.9579916 9.0463963
45 7 1433.845 790.875 321.9735760 9.0474161
46 7 628.846 853.480 322.0190116 9.0505789
47 7 355.759 866.565 322.0344242 9.0511862
48 7 1747.597 866.444 321.9558717 9.0517649
49 7 1541.781 879.781 321.9675027 9.0524352
50 7 1594.622 890.814 321.9645233 9.0530769
52 7 793.734 967.448 322.0097870 9.0570017
53 7 1318.555 1014.784 321.9801651 9.0598951
54 7 1486.146 1019.800 321.9707113 9.0602332
55 7 1875.923 1030.929 321.9485951 9.0610239
56 7 557.223 1057.221 322.0230796 9.0619234
57 7 294.503 1096.339 322.0378619 9.0639861
58 7 1491.108 1115.330 321.9704248 9.0655846
59 7 899.324 1124.844 322.0038855 9.0658596
61 7 1107.153 1136.350 321.9921399 9.0665873
60 7 1275.659 1137.067 321.9826288 9.0667133
64 7 124.849 1150.415 322.0473730 9.0668967
62 7 1344.903 1143.245 321.9786754 9.0670858
65 7 1855.068 1156.337 321.9498556 9.0680254
66 7 1350.529 1180.577 321.9783889 9.0691771
68 7 667.867 1221.989 322.0168917 9.0711710
67 7 902.354 1221.662 322.0037136 9.0712626
69 7 627.030 1233.571 322.0192408 9.0717897
71 7 1348.231 1253.380 321.9785608 9.0732336
74 7 379.349 1278.485 322.0331637 9.0741790
75 7 1455.949 1308.533 321.9724874 9.0763734
76 7 698.246 1394.815 322.0152301 9.0808253
78 7 102.955 1408.458 322.0486908 9.0812722
77 7 1343.106 1405.822 321.9788473 9.0817535
79 7 423.084 1414.988 322.0306999 9.0818108
81 7 1643.358 1448.642 321.9618877 9.0842745
83 7 990.002 1505.353 321.9987862 9.0871336
84 7 932.506 1506.159 322.0020520 9.0871507
85 7 1382.035 1513.897 321.9766700 9.0877982
86 7 1873.559 1518.139 321.9488816 9.0882623
87 7 916.854 1529.204 322.0029115 9.0884284
89 7 808.041 1637.329 322.0090994 9.0944101
90 7 118.807 1644.418 322.0477741 9.0944216
92 7 1413.528 1657.715 321.9749511 9.0958311
91 7 1536.404 1662.870 321.9679611 9.0961863
94 7 1011.225 1674.251 321.9976403 9.0965702
93 7 1938.167 1674.728 321.9452719 9.0970343
95 7 1868.124 1678.510 321.9492253 9.0972119
96 7 1654.903 1689.409 321.9613147 9.0977161
97 7 1441.581 1723.751 321.9733469 9.0995381
98 7 1610.398 1723.948 321.9637785 9.0996240
99 7 1916.913 1750.548 321.9464751 9.1012512
100 7 1438.023 1761.794 321.9735760 9.1016580
102 7 997.500 1832.724 321.9984424 9.1053937
101 7 1615.200 1829.127 321.9635493 9.1054969
103 7 1637.966 1837.071 321.9622315 9.1059552
104 7 2016.872 1854.551 321.9408029 9.1070839
105 7 1996.988 1871.399 321.9419488 9.1080236
107 7 67.658 1908.548 322.0506389 9.1090721
106 7 1831.654 1901.787 321.9513453 9.1096336
108 7 424.958 1935.831 322.0306426 9.1108139
109 7 717.275 1951.922 322.0141988 9.1118739
110 7 1415.710 1976.316 321.9748366 9.1136042
112 7 1873.392 2008.312 321.9489962 9.1156038
113 7 1739.396 2022.182 321.9565592 9.1163143
114 7 1656.255 2029.920 321.9612575 9.1167039
115 7 646.187 2048.592 322.0182095 9.1172081
117 7 277.784 2069.434 322.0388932 9.1181363
118 7 1624.005 2076.318 321.9630909 9.1192708
119 7 962.555 2113.095 322.0003905 9.1209782
120 7 1189.449 2131.075 321.9876135 9.1221069
121 7 1408.789 2140.076 321.9752376 9.1227200
122 7 1618.444 2140.184 321.9634347 9.1228231
123 7 875.523 2166.815 322.0053179 9.1239174
124 7 1464.730 2170.081 321.9720864 9.1244217
125 7 84.472 2204.466 322.0497221 9.1255160
126 7 1199.523 2214.543 321.9870978 9.1267536
127 7 864.664 2239.633 322.0059482 9.1279511
129 7 521.993 2259.680 322.0251995 9.1288563
128 7 1946.581 2246.764 321.9448709 9.1289136
131 7 300.976 2263.529 322.0375754 9.1289308
130 7 2006.097 2258.987 321.9414904 9.1296184
132 7 332.910 2279.336 322.0357993 9.1298304
133 7 1868.250 2297.799 321.9493399 9.1317039
134 7 17.640 2336.103 322.0534464 9.1327639
135 7 394.042 2370.643 322.0323615 9.1349297
136 7 575.404 2376.142 322.0222202 9.1353594
137 7 1730.784 2386.517 321.9571322 9.1365798
139 7 763.618 2418.594 322.0116204 9.1378002
140 7 378.656 2425.655 322.0332782 9.1379721
138 7 1525.173 2419.091 321.9687059 9.1382930
141 7 996.067 2427.548 321.9985570 9.1384648
143 7 592.993 2466.513 322.0212461 9.1403843
145 7 395.427 2495.472 322.0323042 9.1418568
146 7 1649.831 2496.313 321.9617158 9.1426474
147 7 1459.537 2511.209 321.9724301 9.1433694
148 7 1782.916 2514.242 321.9542101 9.1437074
150 7 197.967 2537.112 322.0433623 9.1440225
151 7 674.976 2591.662 322.0166052 9.1473686
152 7 837.358 2613.761 322.0074951 9.1486979
153 7 1107.430 2630.731 321.9923118 9.1498094
155 7 964.539 2670.875 322.0003905 9.1519408
156 7 217.952 2685.924 322.0422164 9.1522789
158 7 229.997 2724.427 322.0415861 9.1544217
159 7 418.849 2746.158 322.0309864 9.1557510
160 7 1223.154 2770.075 321.9857800 9.1575959
161 7 1098.843 2801.395 321.9927701 9.1592460
162 7 1677.152 2805.942 321.9602261 9.1598362
163 7 1917.695 2846.043 321.9466470 9.1621796
167 7 1375.986 2895.264 321.9771857 9.1646089
170 7 359.450 2920.469 322.0343096 9.1653480
168 7 1958.845 2908.299 321.9442979 9.1656460
169 7 1710.989 2919.503 321.9583354 9.1661444
172 7 1824.474 2956.209 321.9519182 9.1682357
175 7 1790.337 2986.338 321.9538090 9.1698859
176 7 743.363 3018.404 322.0127664 9.1710260
180 7 204.467 3054.733 322.0429612 9.1726418
183 7 504.294 3068.414 322.0261736 9.1736215
179 7 1963.307 3052.631 321.9440687 9.1736387
184 7 1742.390 3073.231 321.9565592 9.1746701
185 7 1822.654 3079.599 321.9520328 9.1750597
188 7 886.087 3144.820 322.0047449 9.1780963
189 7 1781.290 3157.233 321.9543820 9.1793282
192 7 1432.622 3165.274 321.9740344 9.1795803
193 7 1779.434 3174.711 321.9544393 9.1803137
194 7 1937.415 3187.694 321.9455584 9.1810986
195 7 268.869 3211.946 322.0393516 9.1813622
197 7 1328.785 3227.727 321.9798786 9.1829665
198 7 1668.209 3239.681 321.9607418 9.1838259
199 7 1829.818 3248.477 321.9516318 9.1843931
200 7 145.146 3273.218 322.0462844 9.1846452
201 7 2035.468 3272.135 321.9400007 9.1858141
203 7 915.210 3294.316 322.0031407 9.1863698
205 7 118.574 3308.373 322.0477168 9.1865589
204 7 888.393 3299.804 322.0046304 9.1866563
207 7 84.783 3311.928 322.0496075 9.1867251
206 7 1023.658 3312.430 321.9970100 9.1874413
210 7 35.839 3334.201 322.0523577 9.1879168
208 7 1594.955 3317.534 321.9648671 9.1880830
211 7 1124.134 3367.483 321.9913950 9.1905410
215 7 271.348 3433.026 322.0391797 9.1935376
214 7 1068.340 3426.269 321.9944890 9.1937495
218 7 213.216 3471.959 322.0424456 9.1956403
217 7 1215.761 3465.250 321.9862384 9.1959898
216 7 2023.293 3462.941 321.9407456 9.1963336
219 7 1770.584 3517.276 321.9549549 9.1991926
222 7 390.089 3561.851 322.0325334 9.2007110
225 7 1183.020 3582.916 321.9880719 9.2024470
224 7 1872.767 3578.685 321.9492253 9.2026419
226 7 1195.065 3598.363 321.9873843 9.2033065
228 7 663.814 3641.541 322.0171781 9.2053118
227 7 1764.143 3636.792 321.9553560 9.2057759
229 7 818.603 3701.393 322.0085265 9.2087095
230 7 1018.058 3764.740 321.9973538 9.2123363
232 7 1183.925 3775.972 321.9880146 9.2130640
233 7 1735.597 3808.055 321.9569603 9.2151782
234 7 1673.519 3809.983 321.9604553 9.2152469
235 7 1291.373 3875.916 321.9819985 9.2186274
236 7 126.699 3920.475 322.0472011 9.2201686
237 7 220.396 3936.253 322.0419872 9.2211197
242 7 647.078 3951.448 322.0180949 9.2222943
239 7 875.170 3949.324 322.0053179 9.2223631
240 7 1507.587 3946.875 321.9697945 9.2226610
241 7 1839.805 3947.531 321.9511161 9.2229016
243 7 1432.061 3962.786 321.9740344 9.2234861
244 7 1331.912 3964.789 321.9797067 9.2235262
247 7 828.394 4009.383 322.0079535 9.2256003
246 7 1555.600 4008.997 321.9671016 9.2260987
249 7 1500.589 4033.855 321.9701956 9.2274280
250 7 1546.284 4042.646 321.9676173 9.2279494
251 7 1368.598 4062.151 321.9776440 9.2288890
252 7 1699.954 4064.182 321.9590229 9.2292156
255 7 660.194 4109.018 322.0173500 9.2309402
0 8 321.143 25.750 322.1511357 8.7689357
4 8 115.600 33.324 322.1624802 8.7693941
3 8 520.906 36.796 322.1401349 8.7694800
5 8 804.962 72.868 322.1245504 8.7713364
6 8 569.337 112.558 322.1375566 8.7735939
8 8 1729.628 144.743 322.0733853 8.7749747
7 8 792.613 139.329 322.1252953 8.7749862
9 8 199.596 151.321 322.1579539 8.7758513
10 8 1152.912 172.077 322.1053563 8.7766592
11 8 519.957 215.102 322.1403641 8.7792203
12 8 2002.135 227.239 322.0583165 8.7794151
14 8 944.396 252.098 322.1169874 8.7811111
13 8 192.827 248.127 322.1584122 8.7811225
15 8 1282.278 263.660 322.0983090 8.7816325
16 8 1607.535 265.938 322.0803181 8.7816497
17 8 747.913 277.786 322.1278736 8.7825664
18 8 1688.568 312.177 322.0758490 8.7841592
19 8 1807.962 316.451 322.0692027 8.7843597
20 8 343.913 324.158 322.1501616 8.7852364
21 8 667.896 351.273 322.1323427 8.7866172
23 8 1064.427 369.387 322.1104557 8.7874881
24 8 528.334 461.269 322.1401349 8.7926734
25 8 181.263 474.395 322.1592717 8.7935041
26 8 1710.006 528.365 322.0748177 8.7960080
27 8 387.938 530.796 322.1479271 8.7965294
28 8 840.203 550.459 322.1230607 8.7974690
30 8 1096.365 618.237 322.1089660 8.8010958
32 8 1837.646 658.934 322.0678849 8.8031413
31 8 1568.934 659.828 322.0827818 8.8032502
33 8 1898.800 673.024 322.0644472 8.8039033
37 8 833.683 707.995 322.1235764 8.8060863
38 8 1632.122 718.251 322.0793441 8.8064473
39 8 72.151 716.341 322.1655169 8.8067910
40 8 275.202 720.990 322.1543442 8.8069801
44 8 1239.122 787.996 322.1012310 8.8103663
46 8 1177.831 841.163 322.1046688 8.8132998
45 8 655.091 839.862 322.1335459 8.8133801
47 8 1809.690 849.932 322.0695465 8.8136436
50 8 217.651 868.703 322.1576674 8.8151047
51 8 1570.953 880.736 322.0828964 8.8153911
54 8 1361.453 972.483 322.0945847 8.8204962
53 8 1196.863 975.364 322.1036948 8.8206795
55 8 560.331 1004.505 322.1389317 8.8224442
56 8 1963.976 1044.559 322.0611240 8.8243407
57 8 1283.889 1066.326 322.0989392 8.8256700
58 8 402.010 1101.748 322.1477552 8.8278472
59 8 1450.347 1132.452 322.0897719 8.8292682
60 8 1091.471 1135.678 322.1097108 8.8295260
61 8 1466.738 1151.897 322.0889125 8.8303396
63 8 397.662 1163.100 322.1480417 8.8312162
64 8 1924.029 1187.020 322.0634731 8.8321960
66 8 1498.925 1216.772 322.0871363 8.8339091
67 8 1721.003 1218.746 322.0748177 8.8339779
68 8 1029.497 1228.341 322.1132059 8.8346368
69 8 1035.885 1278.880 322.1129194 8.8374214
70 8 508.197 1309.057 322.1420829 8.8392205
71 8 1105.814 1328.596 322.1090806 8.8401486
72 8 1462.312 1349.834 322.0893135 8.8412545
75 8 1573.900 1374.469 322.0831256 8.8425952
73 8 1114.582 1375.351 322.1086222 8.8427212
74 8 1310.125 1377.860 322.0977933 8.8428244
76 8 1390.859 1392.982 322.0933242 8.8436322
77 8 1361.191 1405.662 322.0949858 8.8443484
78 8 971.540 1447.760 322.1165863 8.8467491
79 8 1681.685 1451.462 322.0771668 8.8468293
81 8 1593.587 1475.348 322.0820943 8.8481586
82 8 505.710 1503.879 322.1423694 8.8499405
83 8 124.539 1510.204 322.1633397 8.8503702
84 8 716.353 1546.115 322.1307957 8.8522094
86 8 407.889 1570.214 322.1478125 8.8536189
87 8 108.034 1577.564 322.1643137 8.8540830
89 8 171.415 1597.438 322.1608187 8.8551601
92 8 181.322 1671.735 322.1603603 8.8592396
93 8 235.728 1679.887 322.1573809 8.8596922
94 8 90.829 1683.979 322.1653450 8.8599443
97 8 16.936 1701.000 322.1694130 8.8608954
100 8 1083.190 1707.894 322.1106276 8.8610788
99 8 161.618 1709.501 322.1614489 8.8613366
101 8 663.070 1730.058 322.1338896 8.8623622
102 8 1304.208 1750.828 322.0984235 8.8634222
103 8 582.590 1750.191 322.1383587 8.8635024
104 8 431.097 1769.957 322.1466666 8.8646254
105 8 1393.397 1817.320 322.0934961 8.8670834
106 8 1446.748 1827.544 322.0905740 8.8676449
107 8 1241.904 1854.157 322.1019186 8.8691403
109 8 1129.650 1857.268 322.1081638 8.8693237
108 8 1057.140 1858.729 322.1121745 8.8694096
111 8 600.787 1908.299 322.1374420 8.8722285
112 8 1952.614 1917.861 322.0623845 8.8726182
113 8 63.205 1924.539 322.1670639 8.8732026
114 8 289.145 1928.342 322.1546307 8.8733745
115 8 1296.715 1935.250 322.0989392 8.8736266
117 8 1329.434 1945.928 322.0971630 8.8742110
119 8 85.071 1975.574 322.1659180 8.8760273
118 8 884.871 1983.077 322.1218575 8.8763080
120 8 787.065 1997.144 322.1272433 8.8770987
122 8 1248.999 2024.436 322.1016894 8.8785655
123 8 804.765 2036.976 322.1262693 8.8792988
125 8 1683.784 2067.695 322.0775106 8.8809432
126 8 967.292 2069.152 322.1173312 8.8810636
127 8 54.138 2109.241 322.1676941 8.8833955
130 8 1966.382 2149.686 322.0618115 8.8854868
131 8 894.476 2160.662 322.1213992 8.8861342
132 8 1333.369 2168.707 322.0971057 8.8865525
133 8 1844.896 2177.329 322.0686297 8.8870223
135 8 698.664 2234.505 322.1323427 8.8902194
138 8 823.290 2285.124 322.1254672 8.8930269
141 8 1441.154 2311.520 322.0912043 8.8944708
140 8 1316.301 2316.848 322.0981371 8.8947630
142 8 1496.707 2335.748 322.0881103 8.8958115
143 8 856.001 2342.394 322.1236910 8.8961954
144 8 1219.729 2343.803 322.1035229 8.8962584
146 8 676.558 2361.386 322.1336032 8.8972725
147 8 214.393 2374.519 322.1590998 8.8980174
148 8 791.420 2379.706 322.1272433 8.8982638
149 8 1567.460 2445.140 322.0842142 8.9018848
150 8 1118.031 2513.114 322.1092525 8.9056492
152 8 95.012 2521.640 322.1657461 8.9061591
154 8 951.191 2550.936 322.1185344 8.9077462
155 8 780.995 2558.396 322.1279882 8.9081587
157 8 1556.393 2584.789 322.0849590 8.9096427
156 8 691.051 2585.457 322.1329729 8.9096771
158 8 1062.983 2598.611 322.1124037 8.9103933
159 8 385.180 2601.284 322.1498179 8.9105594
160 8 1863.964 2627.456 322.0678276 8.9120319
161 8 930.164 2630.231 322.1197376 8.9121465
162 8 1180.429 2635.313 322.1059293 8.9124330
163 8 1203.770 2644.224 322.1046115 8.9129257
164 8 1856.264 2660.591 322.0682287 8.9138711
166 8 602.273 2696.215 322.1379576 8.9157791
168 8 39.250 2703.573 322.1689547 8.9162202
169 8 1785.136 2714.599 322.0722967 8.9168677
170 8 56.724 2723.066 322.1679806 8.9172974
174 8 603.412 2822.426 322.1379576 8.9228150
175 8 64.357 2825.397 322.1676369 8.9229697
178 8 1758.442 2854.661 322.0738437 8.9246485
180 8 272.728 2864.792 322.1561777 8.9251527
181 8 190.709 2870.035 322.1607614 8.9254334
182 8 2009.289 2884.472 322.0598635 8.9263501
184 8 114.492 2895.038 322.1649439 8.9268142
186 8 1481.250 2910.612 322.0893135 8.9277424
187 8 1546.589 2978.832 322.0857612 8.9315641
188 8 1088.233 3047.428 322.1112578 8.9353169
189 8 1032.075 3060.777 322.1143518 8.9360446
190 8 603.125 3110.133 322.1381295 8.9387604
192 8 754.056 3120.518 322.1298216 8.9393620
193 8 787.785 3149.354 322.1279309 8.9409548
194 8 825.049 3150.405 322.1258682 8.9410293
195 8 1675.607 3178.051 322.0786565 8.9426565
196 8 1400.015 3194.127 322.0940118 8.9435102
197 8 260.094 3214.894 322.1570944 8.9445416
198 8 1044.879 3249.499 322.1137788 8.9465412
199 8 700.696 3276.489 322.1328010 8.9479908
200 8 1419.129 3295.133 322.0929805 8.9491367
201 8 1705.976 3303.306 322.0769949 8.9496409
203 8 657.818 3308.472 322.1352074 8.9497841
202 8 432.137 3310.239 322.1476979 8.9498471
206 8 478.043 3385.185 322.1451769 8.9540125
207 8 748.955 3387.284 322.1302227 8.9541730
208 8 1252.008 3413.866 322.1023197 8.9557142
209 8 196.842 3421.230 322.1607041 8.9559721
212 8 1483.391 3527.585 322.0894854 8.9620913
213 8 954.816 3542.065 322.1189354 8.9627903
217 8 535.021 3608.660 322.1421402 8.9664228
218 8 474.348 3613.811 322.1454634 8.9666978
219 8 672.197 3613.661 322.1345772 8.9667265
221 8 1451.896 3675.846 322.0913189 8.9703418
223 8 1152.496 3690.607 322.1079919 8.9710981
225 8 412.173 3717.237 322.1489584 8.9724217
226 8 1260.275 3717.637 322.1019759 8.9726222
227 8 1945.188 3744.388 322.0638169 8.9742781
229 8 694.163 3817.876 322.1334313 8.9780768
230 8 731.076 3834.680 322.1313686 8.9790222
233 8 265.509 3856.830 322.1570944 8.9801337
234 8 494.149 3859.169 322.1444894 8.9803170
235 8 93.844 3887.761 322.1665482 8.9818125
236 8 1055.095 3890.731 322.1134923 8.9822021
237 8 628.606 3923.541 322.1370982 8.9839324
238 8 1584.145 3927.907 322.0840423 8.9844194
240 8 1492.344 4028.331 322.0891989 8.9899886
241 8 101.846 4134.816 322.1662045 8.9955061
242 8 544.269 4136.344 322.1418538 8.9957124
243 8 1731.043 4137.546 322.0759063 8.9961479
245 8 1557.536 4163.829 322.0856466 8.9975631
4 9 769.355 31.522 322.0085838 8.7685404
8 9 1373.935 117.527 321.9747220 8.7732100
9 9 934.577 129.352 321.9993591 8.7738574
11 9 365.663 162.953 322.0312156 8.7757940
12 9 1090.039 190.835 321.9907075 8.7772436
14 9 1225.067 200.654 321.9831444 8.7777707
13 9 442.665 200.520 322.0269184 8.7778452
15 9 253.330 217.095 322.0375181 8.7787963
16 9 1238.267 221.563 321.9823996 8.7789224
17 9 1193.591 262.593 321.9849206 8.7811741
18 9 2005.380 272.174 321.9393132 8.7817299
19 9 497.792 274.146 322.0239390 8.7818731
22 9 1759.521 302.513 321.9531787 8.7833800
23 9 416.217 312.863 322.0285227 8.7840102
24 9 1509.729 325.614 321.9672735 8.7846405
25 9 833.642 347.239 322.0052033 8.7858552
26 9 295.476 351.375 322.0352836 8.7861416
27 9 1191.717 353.846 321.9850925 8.7861932
28 9 1207.713 364.716 321.9842331 8.7867891
29 9 1338.914 386.271 321.9768419 8.7879694
31 9 1171.055 443.823 321.9862957 8.7911378
32 9 734.091 486.380 322.0108756 8.7935041
33 9 1498.022 488.199 321.9679611 8.7935786
34 9 1513.042 499.047 321.9671589 8.7941802
35 9 742.172 501.567 322.0104172 8.7943407
37 9 97.285 571.645 322.0465136 8.7982712
39 9 341.790 596.378 322.0328772 8.7995947
40 9 532.533 611.009 322.0222202 8.8003739
41 9 1858.161 668.370 321.9478502 8.8035309
43 9 1104.656 670.480 321.9901918 8.8036169
42 9 365.204 674.007 322.0316740 8.8038632
44 9 1621.130 686.140 321.9612002 8.8044877
46 9 963.164 710.708 321.9982132 8.8058399
48 9 401.008 783.340 322.0297259 8.8098736
49 9 817.542 796.307 322.0064065 8.8105668
51 9 1905.330 831.721 321.9452719 8.8125493
50 9 1475.948 832.963 321.9694507 8.8125779
52 9 1345.056 871.063 321.9767846 8.8146749
53 9 1563.777 944.572 321.9645806 8.8187487
54 9 1556.570 971.098 321.9649817 8.8202154
55 9 1395.203 980.609 321.9740917 8.8207311
57 9 296.734 1015.806 322.0357420 8.8227021
58 9 238.355 1041.429 322.0390078 8.8241173
59 9 351.620 1043.180 322.0327053 8.8242032
61 9 1677.505 1089.285 321.9582208 8.8267586
62 9 1491.841 1100.171 321.9687059 8.8273430
65 9 1469.436 1117.128 321.9699664 8.8282827
66 9 971.379 1117.839 321.9979840 8.8283113
64 9 457.328 1117.887 322.0268611 8.8283228
68 9 1008.539 1151.091 321.9959214 8.8301505
69 9 1940.610 1170.592 321.9434385 8.8312964
70 9 1605.677 1173.916 321.9623461 8.8314397
71 9 1347.452 1174.720 321.9768419 8.8314626
72 9 1060.656 1322.869 321.9931139 8.8396616
73 9 356.267 1334.624 322.0326480 8.8403033
74 9 1769.994 1337.319 321.9531787 8.8405096
76 9 1792.824 1400.990 321.9519182 8.8440390
77 9 1231.594 1402.877 321.9835455 8.8440906
78 9 388.286 1407.148 322.0309291 8.8443140
80 9 402.240 1428.353 322.0301270 8.8454943
81 9 318.642 1431.060 322.0348252 8.8456376
82 9 1481.253 1442.367 321.9695080 8.8462965
84 9 950.723 1470.832 321.9993591 8.8478492
85 9 876.304 1493.700 322.0035990 8.8491154
86 9 951.112 1501.055 321.9993591 8.8495280
87 9 1281.990 1523.832 321.9807380 8.8507999
88 9 1015.768 1573.713 321.9957495 8.8535501
90 9 1618.312 1664.954 321.9618877 8.8586724
92 9 619.153 1694.572 322.0181522 8.8602308
91 9 511.515 1694.750 322.0241682 8.8602480
93 9 45.857 1708.775 322.0502951 8.8610330
94 9 346.084 1712.167 322.0334501 8.8612106
96 9 1892.150 1822.880 321.9464751 8.8674902
99 9 157.830 1881.864 322.0441072 8.8706243
98 9 1663.150 1882.138 321.9594240 8.8707503
100 9 1801.515 1886.156 321.9516318 8.8709967
101 9 1377.619 1897.403 321.9755814 8.8715582
102 9 556.577 1932.990 322.0218191 8.8734719
103 9 1708.088 1993.566 321.9569603 8.8769555
104 9 1370.779 2010.673 321.9760398 8.8778607
105 9 1770.728 2048.555 321.9534652 8.8800265
106 9 1175.465 2053.870 321.9870406 8.8802500
109 9 710.436 2083.407 322.0132820 8.8818428
110 9 1216.876 2113.170 321.9847487 8.8835502
111 9 649.246 2114.649 322.0167198 8.8835731
112 9 1445.529 2116.264 321.9718572 8.8837450
113 9 1434.946 2118.588 321.9724874 8.8838825
114 9 1818.393 2127.494 321.9508296 8.8844326
115 9 252.703 2163.719 322.0390078 8.8862717
116 9 25.643 2171.021 322.0517275 8.8866785
117 9 525.333 2177.365 322.0237099 8.8870510
120 9 236.679 2213.769 322.0399246 8.8890563
119 9 60.726 2216.235 322.0497794 8.8891824
121 9 300.870 2227.831 322.0363722 8.8898298
122 9 1576.881 2237.245 321.9644660 8.8905116
123 9 940.328 2241.506 322.0003905 8.8906606
124 9 318.760 2247.377 322.0353409 8.8909356
125 9 1729.283 2253.116 321.9558717 8.8914226
126 9 704.725 2296.317 322.0136831 8.8936801
127 9 197.508 2310.101 322.0422164 8.8944077
128 9 995.783 2335.895 321.9973538 8.8959204
129 9 930.586 2344.767 322.0010207 8.8964188
130 9 1825.673 2360.242 321.9504858 8.8974158
131 9 653.342 2427.322 322.0166625 8.9009738
132 9 1235.212 2443.869 321.9838893 8.9019765
133 9 410.840 2454.848 322.0302989 8.9024865
134 9 1075.975 2467.673 321.9928847 8.9032771
137 9 725.633 2480.836 322.0126518 8.9039647
136 9 614.837 2482.812 322.0188397 8.9040564
138 9 244.645 2483.835 322.0396381 8.9040793
139 9 1542.433 2493.475 321.9665860 8.9047955
140 9 1624.265 2577.143 321.9620023 8.9094823
142 9 619.828 2629.066 322.0186678 8.9122095
143 9 721.781 2638.812 322.0129382 8.9127653
144 9 896.001 2649.870 322.0031407 8.9134185
146 9 228.335 2667.528 322.0406694 8.9143066
145 9 868.611 2666.625 322.0046877 8.9143409
148 9 537.663 2683.106 322.0233088 8.9152118
151 9 511.916 2758.489 322.0247985 8.9194116
152 9 1671.351 2819.492 321.9594240 8.9230327
154 9 1983.401 2867.341 321.9417769 8.9257772
155 9 1848.745 2869.503 321.9493972 8.9258689
157 9 1151.161 2908.839 321.9888740 8.9279086
158 9 292.468 2919.962 322.0371744 8.9283784
159 9 115.433 2923.113 322.0471438 8.9285331
161 9 119.224 2998.052 322.0469719 8.9327100
162 9 292.261 3038.893 322.0372890 8.9349617
163 9 1356.203 3043.353 321.9773576 8.9354774
164 9 885.419 3077.870 322.0038855 8.9373051
165 9 1182.299 3110.995 321.9872124 8.9392188
166 9 1144.318 3156.489 321.9893324 8.9417570
168 9 1551.492 3168.752 321.9663568 8.9425362
170 9 1490.232 3210.513 321.9697945 8.9448567
171 9 51.742 3220.273 322.0508681 8.9450916
172 9 1730.265 3249.019 321.9562727 8.9470740
173 9 1245.640 3255.260 321.9836601 8.9473032
174 9 1147.392 3282.858 321.9892178 8.9488273
175 9 698.881 3303.376 322.0145425 8.9498643
176 9 574.223 3311.922 322.0215326 8.9503112
177 9 595.240 3319.456 322.0203867 8.9507410
180 9 437.841 3389.817 322.0292675 8.9546313
181 9 1687.161 3389.868 321.9587364 8.9549522
182 9 1202.564 3400.680 321.9861811 8.9554220
183 9 964.113 3412.369 321.9996456 8.9560236
187 9 1122.303 3455.584 321.9907075 8.9584816
188 9 1944.578 3482.624 321.9442406 8.9602062
189 9 1362.469 3485.608 321.9771857 8.9602234
194 9 74.687 3533.939 322.0497221 8.9625955
192 9 450.886 3534.665 322.0285800 8.9627215
193 9 1364.130 3534.446 321.9770711 8.9629507
195 9 963.591 3553.338 321.9997029 8.9639075
197 9 623.836 3665.338 322.0188970 8.9700726
201 9 1547.640 3730.427 321.9667578 8.9739744
203 9 1460.047 3735.340 321.9717426 8.9742322
202 9 1110.461 3737.682 321.9915096 8.9742551
205 9 1930.118 3747.884 321.9451000 8.9750687
207 9 821.499 3797.160 322.0078389 8.9775038
208 9 1805.085 3855.136 321.9522620 8.9810390
209 9 488.068 3906.271 322.0266319 8.9835027
210 9 199.486 3914.494 322.0428466 8.9838808
211 9 1591.937 3956.840 321.9643514 8.9866654
213 9 830.381 3997.407 322.0073806 8.9887051
214 9 1543.705 3996.261 321.9671016 8.9888713
215 9 76.769 4048.490 322.0497794 8.9913293
216 9 663.193 4128.536 322.0168917 8.9959817
217 9 708.448 4155.855 322.0143133 8.9975401
218 9 581.428 4162.871 322.0214753 8.9978897
