2 0 1938.142 94.188 319.7115960 9.0100134
4 0 1711.272 125.158 319.7240864 9.0116865
5 0 1867.753 129.570 319.7154921 9.0119672
6 0 1813.614 152.044 319.7184715 9.0131991
7 0 1775.710 174.443 319.7205914 9.0144367
8 0 1248.140 182.873 319.7496977 9.0148091
9 0 1525.976 191.152 319.7343424 9.0153248
10 0 94.418 211.771 319.8139262 9.0161727
11 0 1070.300 219.889 319.7595525 9.0168202
12 0 1363.210 277.288 319.7433951 9.0200746
13 0 1660.976 293.590 319.7268939 9.0210200
14 0 900.186 337.599 319.7690636 9.0233404
15 0 1659.085 387.137 319.7270658 9.0262167
17 0 1088.694 402.726 319.7586358 9.0269902
18 0 1176.160 424.197 319.7537657 9.0281991
19 0 273.327 432.371 319.8040141 9.0285142
21 0 2010.875 443.552 319.7076999 9.0293966
22 0 1812.664 461.608 319.7186433 9.0303764
24 0 250.791 493.940 319.8053319 9.0319405
23 0 478.994 494.542 319.7925549 9.0320093
27 0 1374.759 501.517 319.7428222 9.0325192
28 0 947.829 505.464 319.7664280 9.0326797
26 0 494.251 507.107 319.7916955 9.0327198
25 0 1834.588 505.072 319.7174401 9.0327828
30 0 1213.187 535.565 319.7517603 9.0344043
31 0 1462.027 566.229 319.7380093 9.0361403
32 0 1012.174 586.097 319.7629330 9.0371602
35 0 1438.115 599.803 319.7393271 9.0379910
36 0 554.305 616.673 319.7883723 9.0388218
37 0 1848.527 615.723 319.7167526 9.0389134
39 0 178.001 646.622 319.8094572 9.0404432
38 0 1681.176 643.495 319.7259199 9.0404490
41 0 556.632 655.665 319.7882577 9.0409933
42 0 161.617 685.044 319.8103739 9.0426033
43 0 776.592 711.634 319.7760537 9.0441388
44 0 1228.116 751.899 319.7510155 9.0464192
45 0 1063.595 753.036 319.7601255 9.0464707
46 0 266.409 756.602 319.8045297 9.0465968
47 0 229.567 783.145 319.8065924 9.0480578
48 0 260.666 789.174 319.8048735 9.0484016
49 0 387.906 800.765 319.7977688 9.0490605
50 0 99.987 815.072 319.8138689 9.0498397
51 0 701.390 853.409 319.7802936 9.0520170
54 0 67.007 944.291 319.8157597 9.0570418
56 0 879.360 980.946 319.7704960 9.0591274
57 0 609.322 988.143 319.7855075 9.0595170
58 0 1161.921 1016.500 319.7547970 9.0611155
60 0 371.432 1029.836 319.7988001 9.0618203
61 0 810.616 1030.603 319.7743348 9.0618833
62 0 423.372 1058.755 319.7958781 9.0634188
63 0 353.082 1059.890 319.7998315 9.0634933
64 0 1385.506 1081.803 319.7424784 9.0647424
66 0 790.271 1110.756 319.7754808 9.0663352
68 0 230.977 1135.653 319.8066497 9.0677103
69 0 1760.214 1150.280 319.7218519 9.0685411
70 0 260.817 1185.840 319.8050454 9.0704949
71 0 1886.149 1205.733 319.7149191 9.0716236
72 0 1833.931 1208.141 319.7177839 9.0717439
74 0 1045.565 1242.277 319.7613860 9.0736461
76 0 2005.087 1250.619 319.7083874 9.0740816
75 0 184.636 1250.203 319.8093426 9.0740873
77 0 1403.049 1288.908 319.7416190 9.0762244
78 0 1155.432 1292.499 319.7553126 9.0764307
79 0 1486.999 1306.016 319.7369780 9.0771641
81 0 1854.637 1331.142 319.7167526 9.0785335
83 0 1759.818 1347.587 319.7219665 9.0794617
84 0 817.416 1366.153 319.7741057 9.0805274
85 0 548.205 1374.054 319.7891172 9.0809743
86 0 543.113 1418.883 319.7894036 9.0834609
87 0 1850.339 1433.497 319.7170391 9.0842000
88 0 161.931 1447.541 319.8106604 9.0850652
89 0 373.750 1493.000 319.7988574 9.0875747
90 0 1617.736 1497.024 319.7298733 9.0877409
91 0 907.020 1516.050 319.7692355 9.0888524
93 0 685.726 1528.553 319.7815541 9.0895572
94 0 1167.691 1561.177 319.7547970 9.0913333
95 0 709.427 1604.246 319.7802363 9.0937512
96 0 213.601 1623.823 319.8079102 9.0948570
98 0 1264.433 1634.163 319.7494685 9.0953670
99 0 527.105 1639.045 319.7904350 9.0956935
100 0 74.779 1670.772 319.8157024 9.0974640
101 0 531.614 1679.724 319.7902058 9.0979625
102 0 844.341 1724.307 319.7728452 9.1003746
103 0 1882.940 1753.285 319.7154348 9.1018815
104 0 1771.855 1775.689 319.7215654 9.1031363
105 0 182.233 1778.630 319.8097436 9.1034571
106 0 853.683 1798.409 319.7723295 9.1045228
107 0 1541.997 1803.212 319.7342278 9.1046890
108 0 1914.514 1826.660 319.7137159 9.1059323
109 0 1488.340 1833.142 319.7372072 9.1063563
110 0 1348.396 1839.087 319.7449421 9.1067058
112 0 328.134 1847.935 319.8016649 9.1072902
113 0 206.194 1865.449 319.8084258 9.1082814
114 0 1665.693 1873.736 319.7274669 9.1085736
115 0 162.582 1876.249 319.8108895 9.1088830
116 0 655.207 1895.376 319.7834449 9.1099144
118 0 1449.924 1934.095 319.7393844 9.1119484
119 0 983.160 1943.670 319.7652248 9.1125500
120 0 1480.399 1960.222 319.7377228 9.1133808
121 0 827.413 1984.551 319.7739338 9.1148361
123 0 1844.193 2028.510 319.7177266 9.1170706
124 0 1758.537 2033.597 319.7224249 9.1173857
125 0 1829.249 2035.970 319.7185860 9.1174946
127 0 1228.617 2056.478 319.7517030 9.1187551
128 0 1557.434 2080.316 319.7335975 9.1200041
130 0 1492.216 2121.329 319.7372072 9.1222902
131 0 1038.740 2139.740 319.7623027 9.1233903
132 0 458.577 2148.611 319.7945603 9.1239633
134 0 1155.221 2189.216 319.7558856 9.1261061
136 0 203.105 2221.914 319.8088269 9.1280542
137 0 45.782 2281.115 319.8177077 9.1313430
139 0 1658.463 2304.947 319.7281544 9.1323628
141 0 793.696 2310.573 319.7759964 9.1328785
142 0 14.540 2353.854 319.8194839 9.1353766
143 0 1649.179 2392.230 319.7287274 9.1371986
144 0 138.309 2419.550 319.8126084 9.1389977
145 0 1194.449 2446.212 319.7538802 9.1402926
148 0 1653.940 2496.504 319.7285555 9.1429511
150 0 315.087 2512.061 319.8028108 9.1440970
149 0 591.502 2514.801 319.7873983 9.1442059
151 0 687.137 2528.812 319.7820698 9.1449622
152 0 1764.476 2546.569 319.7224822 9.1456612
155 0 1207.207 2630.315 319.7533646 9.1504397
156 0 1428.652 2632.505 319.7410460 9.1505027
158 0 1311.245 2660.802 319.7475777 9.1520955
159 0 814.065 2662.598 319.7751370 9.1523190
160 0 216.943 2676.465 319.8083685 9.1532013
161 0 440.813 2682.393 319.7958781 9.1534878
162 0 1281.868 2710.367 319.7492966 9.1548343
163 0 747.245 2754.354 319.7789185 9.1573839
164 0 1509.034 2761.367 319.7367488 9.1575787
165 0 1896.715 2771.974 319.7154348 9.1580428
166 0 1720.994 2782.681 319.7251178 9.1586845
167 0 323.695 2787.078 319.8025244 9.1592919
168 0 1337.520 2798.601 319.7462599 9.1596757
169 0 216.169 2804.183 319.8085404 9.1602602
171 0 1245.732 2811.388 319.7513592 9.1604091
170 0 263.210 2807.882 319.8059048 9.1604492
172 0 817.400 2842.988 319.7750797 9.1622655
173 0 617.197 2844.717 319.7861951 9.1624088
174 0 674.386 2858.422 319.7830438 9.1631479
175 0 813.734 2859.581 319.7753089 9.1632224
176 0 2032.650 2868.865 319.7079863 9.1633140
177 0 512.112 2873.037 319.7920965 9.1639901
178 0 886.464 2875.239 319.7712982 9.1640245
179 0 821.398 2881.131 319.7749078 9.1643625
180 0 376.283 2899.464 319.7996596 9.1654798
182 0 753.062 2934.989 319.7787466 9.1673534
183 0 725.653 2968.956 319.7802936 9.1692270
184 0 1084.948 2995.562 319.7604120 9.1705906
185 0 850.973 3001.365 319.7733608 9.1709802
186 0 59.849 3038.888 319.8174213 9.1732319
188 0 278.178 3057.342 319.8052746 9.1742060
189 0 132.194 3074.825 319.8134106 9.1752029
190 0 514.868 3081.020 319.7920965 9.1754550
191 0 1952.078 3093.326 319.7126273 9.1756670
192 0 1947.740 3144.722 319.7129138 9.1784860
193 0 1354.457 3149.658 319.7456297 9.1789730
194 0 1658.054 3173.690 319.7288420 9.1801934
195 0 1409.956 3178.351 319.7425930 9.1805314
196 0 483.260 3183.460 319.7939300 9.1810929
197 0 823.860 3220.243 319.7750224 9.1830238
198 0 1414.053 3235.059 319.7423638 9.1836426
200 0 2014.450 3245.118 319.7093041 9.1839692
199 0 1130.162 3241.024 319.7581201 9.1840608
201 0 111.798 3272.659 319.8146711 9.1860948
202 0 1641.251 3296.320 319.7298733 9.1869256
203 0 271.207 3344.128 319.8058475 9.1899909
204 0 921.206 3370.757 319.7697512 9.1912686
205 0 1402.109 3398.801 319.7432232 9.1926380
206 0 1335.864 3409.748 319.7468902 9.1932568
207 0 552.814 3420.836 319.7902631 9.1941277
208 0 13.647 3423.329 319.8202861 9.1944142
209 0 1330.837 3452.984 319.7471766 9.1956231
212 0 461.645 3493.201 319.7953624 9.1981269
213 0 998.845 3512.218 319.7655686 9.1989921
214 0 506.233 3516.301 319.7928987 9.1993817
215 0 1951.821 3563.424 319.7130284 9.2014329
216 0 463.865 3579.692 319.7953051 9.2028768
219 0 1514.211 3649.519 319.7372072 9.2063260
220 0 682.355 3660.827 319.7832730 9.2072542
222 0 377.735 3680.050 319.8001752 9.2084058
226 0 1653.564 3720.421 319.7295868 9.2101476
227 0 1791.656 3731.737 319.7220238 9.2107091
228 0 1089.949 3758.829 319.7607557 9.2124738
231 0 1718.220 3778.310 319.7260918 9.2132817
232 0 2001.704 3784.174 319.7105073 9.2134879
233 0 984.456 3794.129 319.7665999 9.2144448
235 0 1777.314 3841.108 319.7228832 9.2166908
234 0 631.273 3835.335 319.7862524 9.2168340
236 0 1176.694 3847.635 319.7560575 9.2172981
237 0 374.978 3866.816 319.8005190 9.2186388
238 0 436.474 3873.903 319.7970813 9.2189769
239 0 1754.775 3888.609 319.7242010 9.2192920
240 0 885.723 3917.967 319.7722149 9.2212687
241 0 1116.984 3920.388 319.7593806 9.2212974
242 0 1270.417 3945.289 319.7509582 9.2226037
243 0 1560.013 3964.955 319.7349726 9.2235491
244 0 1471.008 3984.629 319.7399001 9.2246663
245 0 230.991 4003.406 319.8086550 9.2261618
246 0 627.151 4012.895 319.7866534 9.2265457
247 0 493.385 4018.923 319.7941019 9.2269238
249 0 1858.892 4053.444 319.7185860 9.2282588
250 0 1524.480 4060.713 319.7370353 9.2287974
252 0 1092.926 4087.451 319.7609276 9.2304303
253 0 455.670 4083.859 319.7962218 9.2304819
254 0 710.625 4096.886 319.7820698 9.2311064
2 1 1342.235 38.691 319.8629714 9.0062949
3 1 1118.866 51.064 319.8755192 9.0069252
4 1 1705.640 126.190 319.8425168 9.0112510
5 1 1866.946 130.656 319.8334641 9.0115776
8 1 115.419 152.281 319.9323566 9.0123053
7 1 549.723 151.493 319.9077194 9.0123855
6 1 1799.716 147.755 319.8372456 9.0125058
9 1 143.510 182.116 319.9307523 9.0139840
10 1 349.074 200.351 319.9191213 9.0150497
12 1 962.500 227.106 319.8844000 9.0167285
13 1 655.053 242.396 319.9018180 9.0175077
14 1 284.210 248.761 319.9227882 9.0177484
15 1 408.007 259.441 319.9157981 9.0183901
16 1 1765.897 262.156 319.8391937 9.0188943
11 1 190.975 271.577 319.9280594 9.0189917
17 1 1885.254 278.917 319.8324901 9.0198569
20 1 169.179 331.370 319.9293199 9.0223550
21 1 470.123 336.899 319.9123031 9.0227560
22 1 311.236 346.719 319.9212985 9.0232545
23 1 1086.945 357.516 319.8774672 9.0240624
24 1 613.268 363.404 319.9042244 9.0242744
26 1 1436.511 383.408 319.8577575 9.0255979
27 1 1974.318 398.430 319.8275626 9.0265547
28 1 190.598 411.504 319.9281740 9.0268469
29 1 385.101 436.662 319.9171159 9.0283137
30 1 285.844 483.378 319.9227882 9.0309035
31 1 533.440 498.213 319.9087507 9.0317973
32 1 1933.980 523.385 319.8298545 9.0335162
34 1 1917.519 534.980 319.8307712 9.0341636
35 1 281.242 556.511 319.9230747 9.0350001
36 1 1240.536 569.865 319.8688729 9.0359799
38 1 297.177 589.086 319.9221580 9.0368279
37 1 1925.119 583.498 319.8303701 9.0368794
39 1 1080.153 587.330 319.8778683 9.0369253
40 1 1123.773 596.757 319.8754619 9.0374581
41 1 590.386 612.643 319.9055422 9.0382144
42 1 315.315 627.761 319.9211839 9.0389994
43 1 1385.800 674.669 319.8607369 9.0418642
47 1 188.113 712.460 319.9284032 9.0437091
49 1 1399.491 763.813 319.8599920 9.0468489
51 1 1930.675 777.301 319.8301409 9.0476911
52 1 546.232 783.100 319.9081205 9.0477484
53 1 530.657 805.530 319.9090372 9.0489918
54 1 1926.083 816.275 319.8304274 9.0498684
55 1 1080.816 856.336 319.8779829 9.0519654
57 1 602.351 882.293 319.9049692 9.0533176
60 1 1905.551 926.051 319.8316306 9.0559876
62 1 1423.141 943.031 319.8587315 9.0568642
61 1 247.648 948.812 319.9250800 9.0569559
63 1 1820.157 946.858 319.8364435 9.0571392
64 1 936.141 964.553 319.8861762 9.0579872
66 1 1252.644 975.874 319.8683572 9.0586747
67 1 678.897 982.799 319.9007293 9.0589612
68 1 1050.468 996.645 319.8797591 9.0597977
69 1 319.787 1007.938 319.9210120 9.0602790
70 1 743.805 1022.441 319.8970624 9.0611843
71 1 1800.736 1054.362 319.8375321 9.0631209
72 1 179.835 1084.975 319.9290334 9.0645590
73 1 1214.467 1101.843 319.8705345 9.0657049
76 1 880.477 1130.687 319.8893848 9.0672577
77 1 1384.206 1134.717 319.8610234 9.0675671
80 1 309.530 1166.763 319.9216996 9.0691599
79 1 546.493 1168.170 319.9082924 9.0692917
81 1 1590.235 1181.241 319.8494496 9.0701855
82 1 1851.698 1185.526 319.8347246 9.0704490
83 1 428.274 1189.642 319.9149960 9.0704662
84 1 1473.166 1201.817 319.8560386 9.0713199
85 1 1941.739 1208.392 319.8296826 9.0717382
86 1 1299.936 1225.356 319.8657789 9.0726091
87 1 76.564 1240.946 319.9349349 9.0732565
88 1 1437.801 1241.988 319.8580440 9.0735430
89 1 359.370 1247.393 319.9188921 9.0736805
92 1 707.923 1276.333 319.8991823 9.0753650
91 1 1342.865 1276.408 319.8633725 9.0754681
96 1 680.331 1353.761 319.9007866 9.0796851
97 1 771.754 1379.406 319.8956300 9.0811290
98 1 1370.846 1406.867 319.8618828 9.0827447
99 1 835.731 1420.785 319.8920204 9.0834437
101 1 1380.763 1444.788 319.8613098 9.0848589
102 1 1250.198 1478.070 319.8687010 9.0867038
103 1 1627.937 1487.723 319.8474443 9.0872711
104 1 1197.236 1492.421 319.8716804 9.0874945
105 1 1629.178 1522.836 319.8473870 9.0892306
106 1 106.917 1540.476 319.9332733 9.0899983
107 1 881.296 1599.929 319.8895567 9.0934476
108 1 385.627 1618.787 319.9175743 9.0944273
109 1 606.917 1649.624 319.9050265 9.0961806
110 1 1852.517 1671.560 319.8349538 9.0975098
111 1 223.029 1679.152 319.9267989 9.0977619
112 1 813.168 1690.943 319.8934528 9.0985125
113 1 644.293 1711.783 319.9029639 9.0996527
114 1 1312.988 1755.158 319.8653205 9.1021393
116 1 239.100 1762.655 319.9258822 9.1024201
115 1 783.296 1762.470 319.8951716 9.1025003
118 1 785.627 1794.393 319.8949998 9.1042765
117 1 1079.139 1797.663 319.8784986 9.1044885
120 1 965.101 1807.222 319.8849157 9.1050041
121 1 453.415 1812.026 319.9137928 9.1052161
122 1 1338.443 1845.466 319.8638881 9.1071642
124 1 79.503 1865.006 319.9349922 9.1081038
127 1 13.322 1933.718 319.9387737 9.1119312
129 1 120.733 1941.584 319.9327004 9.1123838
128 1 1381.376 1939.586 319.8615390 9.1124010
131 1 417.521 1990.539 319.9159127 9.1151512
132 1 2005.323 1994.700 319.8265313 9.1154721
133 1 741.525 2003.288 319.8976354 9.1159018
134 1 15.611 2029.064 319.9386591 9.1172425
136 1 1124.812 2067.435 319.8760921 9.1194942
137 1 1848.449 2076.050 319.8354121 9.1199870
139 1 371.159 2125.635 319.9186056 9.1226684
138 1 1950.233 2125.268 319.8297399 9.1227200
140 1 343.625 2167.953 319.9202099 9.1250290
141 1 445.587 2193.752 319.9144230 9.1264671
142 1 2022.963 2201.892 319.8257292 9.1269713
143 1 635.338 2209.292 319.9037087 9.1273552
144 1 925.745 2242.508 319.8873221 9.1292230
146 1 1559.923 2260.784 319.8516841 9.1302486
149 1 1256.010 2302.622 319.8688156 9.1325748
148 1 746.175 2304.046 319.8975208 9.1326321
150 1 1078.512 2313.696 319.8787850 9.1331879
151 1 462.378 2320.663 319.9135636 9.1335260
152 1 356.777 2330.609 319.9195223 9.1340760
153 1 807.980 2332.422 319.8940257 9.1342135
154 1 1156.692 2358.761 319.8744306 9.1356917
156 1 1770.023 2360.531 319.8399958 9.1357719
158 1 724.983 2380.097 319.8987240 9.1368548
157 1 552.342 2381.395 319.9085216 9.1369121
159 1 428.660 2420.720 319.9155116 9.1390894
160 1 1065.046 2421.862 319.8795872 9.1391925
161 1 1221.038 2436.540 319.8708209 9.1400061
163 1 301.952 2446.712 319.9226736 9.1405103
166 1 1800.706 2483.833 319.8383342 9.1426131
167 1 1527.272 2502.271 319.8536895 9.1436501
168 1 55.047 2516.395 319.9366538 9.1443606
169 1 1508.484 2526.227 319.8547208 9.1449736
170 1 1979.403 2581.903 319.8283648 9.1480275
171 1 1961.051 2627.460 319.8294534 9.1505485
172 1 773.056 2627.095 319.8961457 9.1505657
176 1 1641.413 2643.513 319.8473297 9.1514653
178 1 937.612 2699.793 319.8869210 9.1545993
179 1 1202.755 2727.641 319.8720241 9.1561406
180 1 477.857 2731.452 319.9128760 9.1563354
181 1 51.781 2737.982 319.9369403 9.1566505
182 1 545.361 2737.332 319.9090945 9.1566677
183 1 1858.625 2742.697 319.8352403 9.1569255
184 1 931.876 2743.572 319.8872648 9.1570287
187 1 1289.595 2781.884 319.8672113 9.1591372
188 1 1377.071 2791.531 319.8622839 9.1596700
189 1 118.474 2813.269 319.9332160 9.1608446
190 1 377.428 2819.050 319.9185483 9.1611884
191 1 340.874 2838.750 319.9206683 9.1622770
192 1 1136.259 2870.625 319.8758630 9.1640589
193 1 1911.958 2886.217 319.8323755 9.1648496
194 1 1031.213 2905.119 319.8817644 9.1659668
195 1 1987.564 2907.861 319.8281356 9.1660356
196 1 656.587 2917.593 319.9029066 9.1666544
197 1 458.259 2928.974 319.9140792 9.1672846
198 1 1661.140 2944.582 319.8464702 9.1681097
199 1 681.527 2957.033 319.9014742 9.1688259
200 1 1844.331 2963.154 319.8362143 9.1691124
201 1 1396.358 2988.942 319.8613098 9.1705791
203 1 340.493 2990.785 319.9207829 9.1706880
202 1 724.355 2995.687 319.8991251 9.1709802
205 1 368.575 3001.866 319.9191786 9.1713125
204 1 477.988 3004.951 319.9129906 9.1714901
206 1 1810.138 3010.245 319.8381623 9.1717193
207 1 920.539 3024.698 319.8880670 9.1725788
210 1 1924.981 3046.444 319.8317452 9.1737018
209 1 1947.402 3046.590 319.8304847 9.1737018
213 1 137.416 3082.428 319.9322420 9.1757472
214 1 72.531 3126.244 319.9359662 9.1781594
216 1 1328.990 3138.531 319.8652059 9.1788469
215 1 209.553 3141.389 319.9282313 9.1790131
217 1 637.344 3154.424 319.9041098 9.1797465
218 1 600.578 3180.433 319.9061724 9.1811846
219 1 268.866 3207.656 319.9249082 9.1826800
221 1 1973.454 3229.922 319.8291669 9.1837973
220 1 532.194 3228.399 319.9100685 9.1838259
222 1 602.867 3243.777 319.9061151 9.1846854
223 1 387.662 3249.725 319.9182045 9.1850005
224 1 1388.599 3278.746 319.8619401 9.1865704
227 1 886.155 3317.382 319.8901869 9.1887476
229 1 1538.345 3344.567 319.8536322 9.1901800
230 1 47.709 3376.232 319.9374559 9.1919619
231 1 1137.781 3394.219 319.8760921 9.1929703
232 1 784.899 3417.113 319.8959738 9.1942480
234 1 462.755 3442.666 319.9140792 9.1956632
235 1 815.436 3457.272 319.8942549 9.1964596
236 1 1210.458 3462.250 319.8720814 9.1967060
238 1 1004.272 3463.527 319.8836552 9.1968034
237 1 1580.919 3468.252 319.8512831 9.1969925
239 1 1272.926 3480.993 319.8685864 9.1977373
240 1 313.340 3500.604 319.9225590 9.1988489
241 1 1605.635 3511.873 319.8499653 9.1993817
244 1 1519.024 3556.298 319.8548354 9.2018454
245 1 232.284 3571.752 319.9271427 9.2027622
246 1 151.749 3577.492 319.9316691 9.2030716
247 1 538.558 3587.113 319.9098967 9.2036216
249 1 574.185 3604.407 319.9079486 9.2045727
248 1 393.887 3605.391 319.9180327 9.2046243
250 1 37.132 3613.238 319.9381435 9.2050311
251 1 843.845 3630.706 319.8927652 9.2060108
252 1 769.679 3640.684 319.8969478 9.2065552
254 1 1625.451 3682.586 319.8489912 9.2087668
255 1 1561.388 3683.961 319.8525436 9.2088527
253 1 225.958 3684.135 319.9275438 9.2089501
256 1 1456.776 3686.526 319.8583878 9.2090074
257 1 1276.019 3702.655 319.8685291 9.2099241
258 1 115.189 3732.851 319.9338463 9.2116201
260 1 165.076 3740.491 319.9310388 9.2120384
261 1 1224.920 3746.913 319.8714512 9.2123649
262 1 1731.505 3754.196 319.8430898 9.2126801
264 1 1766.752 3782.545 319.8411417 9.2142213
265 1 213.174 3794.255 319.9283459 9.2150063
266 1 1705.497 3812.737 319.8445795 9.2158886
267 1 1855.056 3816.663 319.8362143 9.2160433
270 1 618.815 3924.242 319.9055995 9.2221511
272 1 613.256 3945.907 319.9059432 9.2233371
274 1 1763.402 3965.580 319.8414855 9.2242595
276 1 175.256 4004.041 319.9305804 9.2265227
275 1 1194.861 4006.250 319.8732847 9.2266087
277 1 116.356 4009.029 319.9339036 9.2267863
278 1 848.929 4023.972 319.8927079 9.2275999
279 1 1764.181 4044.661 319.8414855 9.2285854
280 1 419.010 4045.171 319.9168867 9.2287802
281 1 1612.033 4049.732 319.8500226 9.2288948
282 1 1433.871 4100.677 319.8599920 9.2317195
284 1 923.697 4111.317 319.8885826 9.2323784
283 1 1782.325 4120.349 319.8405688 9.2327221
285 1 1248.906 4131.871 319.8703626 9.2334613
287 1 1522.765 4138.909 319.8550646 9.2337993
3 2 1516.636 14.966 319.9732085 9.0044901
4 2 1503.472 31.729 319.9739533 9.0054412
5 2 1302.324 39.074 319.9853552 9.0057850
6 2 1050.281 50.272 319.9996791 9.0063408
7 2 975.422 102.507 320.0039763 9.0092514
8 2 2032.471 132.970 319.9439304 9.0112682
12 2 41.870 150.581 320.0569749 9.0116292
11 2 1774.656 144.704 319.9585981 9.0118412
13 2 1061.847 157.649 319.9990489 9.0123683
14 2 1717.951 161.869 319.9618066 9.0127980
15 2 1823.835 168.163 319.9557906 9.0131704
17 2 685.510 180.669 320.0204202 9.0135257
16 2 1918.426 177.178 319.9504621 9.0137205
19 2 204.156 215.102 320.0477503 9.0152961
20 2 1910.626 254.036 319.9509204 9.0180119
21 2 1644.568 258.493 319.9659892 9.0181724
22 2 689.455 301.364 320.0202483 9.0202980
23 2 1625.495 314.967 319.9670778 9.0213580
24 2 1852.912 326.375 319.9541863 9.0220513
25 2 1706.965 338.328 319.9624942 9.0226815
26 2 357.534 358.923 320.0390986 9.0234092
30 2 37.835 363.561 320.0572614 9.0235582
28 2 937.347 363.976 320.0062109 9.0238905
29 2 1088.175 365.962 319.9976165 9.0240509
27 2 1505.442 363.555 319.9739533 9.0240566
31 2 1588.503 393.157 319.9692551 9.0257354
32 2 930.471 444.948 320.0066119 9.0284340
33 2 658.749 446.926 320.0220245 9.0284512
34 2 1903.749 473.363 319.9513788 9.0303133
35 2 139.712 499.827 320.0515318 9.0312358
36 2 82.060 506.524 320.0547977 9.0315853
37 2 245.345 507.875 320.0455158 9.0317228
38 2 1588.361 511.927 319.9692551 9.0323874
39 2 512.609 539.321 320.0303897 9.0335792
40 2 1141.284 538.880 319.9946371 9.0337625
41 2 70.032 549.397 320.0554852 9.0339745
42 2 1810.586 551.314 319.9567073 9.0346564
43 2 1956.379 562.828 319.9483994 9.0353382
44 2 1067.873 579.953 319.9988197 9.0360200
45 2 89.341 593.959 320.0543966 9.0364955
46 2 710.198 599.982 320.0191597 9.0370513
48 2 1895.964 675.404 319.9518945 9.0416178
49 2 534.235 699.482 320.0291865 9.0425517
50 2 1000.480 727.036 320.0027158 9.0442649
51 2 1774.822 741.630 319.9587700 9.0453019
52 2 208.599 756.884 320.0476930 9.0456571
53 2 1724.297 756.977 319.9616347 9.0461442
57 2 443.773 808.060 320.0343431 9.0486136
56 2 2002.432 803.330 319.9458784 9.0488199
58 2 2023.466 823.502 319.9446752 9.0499543
60 2 1643.468 836.804 319.9662757 9.0506075
62 2 1277.678 860.844 319.9870168 9.0518451
61 2 1835.214 862.045 319.9553895 9.0520685
63 2 244.620 872.659 320.0456877 9.0521602
64 2 1215.953 893.363 319.9905118 9.0536384
65 2 1175.549 920.712 319.9928609 9.0551740
67 2 751.666 988.683 320.0169252 9.0588294
66 2 1803.672 989.545 319.9572230 9.0591904
69 2 610.888 1004.756 320.0248893 9.0596832
72 2 131.252 1015.968 320.0521048 9.0601415
70 2 1438.981 1016.847 319.9779067 9.0606343
73 2 226.789 1046.091 320.0467190 9.0618661
74 2 97.126 1053.628 320.0541101 9.0622328
76 2 1437.378 1075.364 319.9780213 9.0638944
77 2 1509.982 1087.225 319.9739533 9.0645819
78 2 266.311 1105.385 320.0444844 9.0651950
80 2 12.311 1115.511 320.0589230 9.0656648
81 2 1238.697 1123.640 319.9893086 9.0665529
84 2 345.445 1227.443 320.0400154 9.0720533
85 2 411.048 1243.078 320.0363484 9.0729471
86 2 1315.749 1256.972 319.9850114 9.0740357
87 2 1553.655 1257.502 319.9714896 9.0741331
88 2 1744.083 1272.542 319.9606607 9.0750327
91 2 44.555 1289.348 320.0571468 9.0753994
90 2 485.420 1287.129 320.0321086 9.0754452
89 2 1247.101 1284.249 319.9889075 9.0755426
92 2 183.971 1310.129 320.0492400 9.0766255
93 2 618.976 1307.652 320.0245455 9.0766427
95 2 1045.762 1317.548 320.0003667 9.0773474
96 2 359.136 1322.040 320.0392705 9.0773532
94 2 2018.483 1314.593 319.9451336 9.0774391
97 2 776.852 1325.675 320.0156074 9.0777084
98 2 70.763 1334.357 320.0556571 9.0779319
100 2 30.269 1335.241 320.0579490 9.0779662
101 2 355.591 1353.449 320.0394997 9.0791064
103 2 547.251 1368.674 320.0286135 9.0800289
105 2 1999.516 1402.215 319.9462795 9.0823264
106 2 374.551 1422.353 320.0384111 9.0829624
108 2 588.500 1458.588 320.0263217 9.0850709
107 2 1727.426 1453.635 319.9616920 9.0851454
109 2 426.586 1470.143 320.0354890 9.0856611
110 2 1918.704 1513.094 319.9509204 9.0885029
111 2 174.690 1523.404 320.0498130 9.0885373
112 2 749.227 1529.449 320.0172117 9.0890873
113 2 1018.962 1544.827 320.0019137 9.0900385
114 2 1153.239 1580.748 319.9943506 9.0920725
115 2 529.993 1589.417 320.0296448 9.0923532
116 2 1867.961 1592.773 319.9538425 9.0929434
118 2 1170.983 1607.060 319.9933193 9.0935679
120 2 1772.416 1662.623 319.9592283 9.0968337
122 2 173.902 1695.899 320.0498702 9.0981745
123 2 1508.207 1711.634 319.9742398 9.0995037
124 2 1901.177 1738.066 319.9520091 9.1010679
125 2 576.341 1747.655 320.0270665 9.1012111
126 2 1303.253 1779.022 319.9858709 9.1032108
128 2 1727.428 1802.008 319.9618639 9.1046030
130 2 1190.767 1825.769 319.9922880 9.1057833
129 2 1214.220 1827.287 319.9909702 9.1058750
131 2 1282.478 1831.746 319.9870741 9.1061386
132 2 1139.611 1849.419 319.9952101 9.1070839
133 2 1959.882 1851.073 319.9486859 9.1073762
134 2 1772.775 1853.266 319.9592856 9.1074736
135 2 1789.476 1876.805 319.9583689 9.1087914
137 2 481.823 1902.010 320.0324523 9.1097998
139 2 1637.583 1917.326 319.9669633 9.1110144
140 2 1210.779 1930.375 319.9911421 9.1116160
141 2 701.124 1948.868 320.0200191 9.1124812
144 2 274.837 1969.490 320.0441980 9.1134782
145 2 1302.553 1973.787 319.9859855 9.1140683
146 2 1686.166 2017.375 319.9642704 9.1165950
147 2 1092.269 2038.415 319.9979030 9.1176035
149 2 655.231 2044.727 320.0227120 9.1178154
150 2 502.184 2069.844 320.0313637 9.1191562
152 2 663.771 2090.734 320.0222537 9.1203823
153 2 867.565 2160.994 320.0106799 9.1243644
154 2 1217.498 2174.854 319.9908556 9.1252410
155 2 530.576 2185.657 320.0298167 9.1256191
156 2 834.919 2208.343 320.0125707 9.1269885
157 2 243.116 2220.779 320.0460887 9.1274641
158 2 1020.853 2243.584 320.0020283 9.1290110
159 2 877.465 2302.570 320.0101643 9.1322540
160 2 622.568 2329.223 320.0246601 9.1336463
161 2 533.209 2342.991 320.0297021 9.1343739
163 2 544.299 2356.815 320.0290719 9.1351589
166 2 1512.681 2430.812 319.9742398 9.1395707
167 2 261.534 2452.528 320.0451147 9.1403613
168 2 776.136 2473.972 320.0159511 9.1417536
169 2 660.261 2484.949 320.0225402 9.1423151
172 2 559.365 2494.084 320.0282697 9.1427850
171 2 706.657 2493.441 320.0199618 9.1428079
170 2 1250.635 2492.489 319.9891367 9.1429282
174 2 116.437 2545.027 320.0533653 9.1454377
177 2 70.248 2665.058 320.0559436 9.1520783
178 2 883.962 2681.761 320.0099351 9.1533274
179 2 1281.969 2681.486 319.9874178 9.1534362
181 2 1069.950 2702.560 319.9993927 9.1545363
180 2 1596.141 2701.785 319.9695989 9.1546394
185 2 11.766 2764.076 320.0593241 9.1575501
186 2 1851.819 2790.596 319.9551603 9.1596242
189 2 921.325 2830.590 320.0078724 9.1615952
192 2 646.775 2847.153 320.0233996 9.1624202
194 2 43.124 2854.295 320.0575479 9.1625577
193 2 1524.553 2855.039 319.9737242 9.1631250
196 2 541.894 2871.229 320.0293584 9.1637094
197 2 728.557 2906.598 320.0188159 9.1657434
200 2 221.571 3021.671 320.0474638 9.1719141
201 2 151.787 3027.868 320.0514172 9.1722293
202 2 363.353 3102.598 320.0394997 9.1764577
203 2 1705.915 3108.600 319.9635828 9.1772083
205 2 976.938 3143.977 320.0047785 9.1789672
204 2 1564.289 3144.740 319.9716042 9.1791792
207 2 488.100 3161.083 320.0324523 9.1797350
209 2 801.317 3210.771 320.0147479 9.1826112
208 2 1794.310 3206.482 319.9586554 9.1826342
210 2 1150.826 3264.680 319.9950382 9.1856995
211 2 1079.151 3307.079 319.9991062 9.1880200
212 2 174.765 3323.825 320.0502140 9.1886044
214 2 1366.075 3398.892 319.9828915 9.1931709
215 2 1262.289 3401.591 319.9887356 9.1932912
217 2 288.028 3450.806 320.0437969 9.1956632
218 2 73.327 3459.605 320.0559436 9.1960414
219 2 637.015 3466.024 320.0240871 9.1966373
220 2 1587.922 3492.525 319.9704010 9.1983790
221 2 1451.242 3518.832 319.9781359 9.1998000
222 2 1390.819 3531.853 319.9815737 9.2005047
223 2 1535.571 3531.679 319.9733804 9.2005334
224 2 799.193 3562.849 320.0149771 9.2020402
226 2 399.358 3610.700 320.0375517 9.2045212
227 2 855.092 3609.839 320.0118258 9.2046587
228 2 1600.543 3658.968 319.9697707 9.2075521
230 2 199.996 3696.790 320.0488389 9.2091736
231 2 1674.648 3708.898 319.9655882 9.2103252
233 2 34.277 3729.386 320.0581781 9.2108924
234 2 1674.899 3747.797 319.9655882 9.2124623
235 2 770.117 3767.990 320.0166960 9.2133218
236 2 653.565 3795.770 320.0232850 9.2148115
237 2 1628.710 3796.046 319.9682238 9.2151094
238 2 829.748 3864.449 320.0133155 9.2186503
239 2 892.741 3866.446 320.0097632 9.2187821
242 2 431.255 3873.629 320.0358328 9.2189998
243 2 1769.969 3876.479 319.9603169 9.2195613
246 2 1203.873 3887.042 319.9922307 9.2200082
244 2 1823.893 3886.221 319.9572803 9.2200999
247 2 301.768 3898.024 320.0431093 9.2202832
249 2 1408.426 3945.016 319.9807142 9.2232454
250 2 1967.263 3974.895 319.9492016 9.2249872
251 2 1930.333 3977.636 319.9513215 9.2251304
252 2 1603.257 3994.883 319.9697707 9.2260243
255 2 704.080 4049.532 320.0204775 9.2287687
256 2 916.417 4068.174 320.0085027 9.2298688
257 2 1465.148 4072.301 319.9775057 9.2302412
258 2 1439.362 4080.269 319.9789954 9.2306709
259 2 786.569 4096.270 320.0158366 9.2313642
260 2 1479.745 4125.318 319.9767608 9.2331519
261 2 1959.937 4134.223 319.9497172 9.2337191
262 2 1765.744 4150.515 319.9606607 9.2346014
263 2 1977.930 4156.797 319.9486859 9.2349624
0 3 1317.304 48.898 319.7463172 8.7724479
1 3 213.746 120.828 319.8073945 8.7753872
2 3 422.131 123.783 319.7958208 8.7757310
3 3 617.599 129.004 319.7849919 8.7761894
4 3 158.017 155.167 319.8104885 8.7772207
8 3 1269.727 221.691 319.7488382 8.7818445
10 3 417.622 314.673 319.7959926 8.7861817
12 3 718.794 367.873 319.7792623 8.7893617
11 3 1740.499 361.275 319.7228832 8.7899174
13 3 634.411 389.529 319.7839605 8.7904732
15 3 53.477 458.652 319.8162181 8.7937677
14 3 1381.209 447.734 319.7426503 8.7943235
16 3 1895.756 591.465 319.7142316 8.8026600
18 3 756.785 694.939 319.7770277 8.8073239
19 3 297.633 716.349 319.8025244 8.8081260
20 3 1451.955 723.739 319.7386396 8.8095069
21 3 271.162 774.638 319.8040141 8.8113174
23 3 1590.012 800.836 319.7310192 8.8138671
26 3 894.324 812.474 319.7694074 8.8139072
24 3 1935.599 805.820 319.7119970 8.8144458
29 3 1991.202 861.111 319.7089031 8.8175111
30 3 1470.263 872.304 319.7375510 8.8176887
32 3 953.190 904.154 319.7660843 8.8189779
33 3 1456.464 927.522 319.7382958 8.8207082
35 3 1277.119 946.681 319.7482080 8.8216077
36 3 1075.076 958.031 319.7593233 8.8220604
37 3 468.298 1007.060 319.7929560 8.8242605
38 3 489.731 1009.940 319.7917528 8.8244439
39 3 1321.327 1015.589 319.7457442 8.8254294
40 3 1806.887 1036.200 319.7189871 8.8269763
43 3 1905.129 1103.278 319.7135440 8.8307464
45 3 1770.820 1120.527 319.7209352 8.8315772
46 3 671.136 1159.110 319.7816687 8.8327919
47 3 1004.354 1163.026 319.7632195 8.8332846
48 3 798.811 1176.969 319.7746213 8.8338862
52 3 1157.896 1245.405 319.7546824 8.8379428
51 3 1730.088 1237.863 319.7231124 8.8379943
53 3 1142.345 1263.659 319.7555418 8.8389397
54 3 1879.492 1291.033 319.7149191 8.8410482
57 3 588.224 1310.727 319.7862524 8.8410940
56 3 924.549 1308.890 319.7675739 8.8412545
59 3 681.815 1320.961 319.7810384 8.8417300
62 3 603.430 1388.604 319.7853356 8.8454084
61 3 1658.977 1376.740 319.7270085 8.8455860
63 3 1374.359 1396.301 319.7427076 8.8464340
64 3 1053.142 1418.615 319.7604693 8.8474080
66 3 19.860 1538.655 319.8178223 8.8532808
67 3 749.198 1569.492 319.7772569 8.8555039
69 3 189.337 1592.278 319.8083685 8.8563633
68 3 1653.529 1579.256 319.7272377 8.8567358
70 3 1708.441 1634.365 319.7242010 8.8598126
75 3 81.251 1724.568 319.8143846 8.8636227
73 3 2007.561 1707.196 319.7077571 8.8640582
76 3 33.220 1735.117 319.8170775 8.8641728
77 3 326.647 1735.337 319.8006909 8.8643848
74 3 1288.782 1730.001 319.7473485 8.8647686
78 3 126.324 1757.444 319.8118636 8.8654676
81 3 229.033 1776.633 319.8061340 8.8665964
79 3 315.899 1776.628 319.8012639 8.8666537
82 3 212.357 1801.813 319.8070507 8.8679829
83 3 498.508 1806.822 319.7911225 8.8684528
85 3 1106.835 1891.703 319.7573753 8.8735635
87 3 1116.732 1906.727 319.7568023 8.8744115
86 3 1894.660 1903.532 319.7138878 8.8747897
88 3 1007.794 1919.890 319.7628184 8.8750590
89 3 1934.850 1926.888 319.7117106 8.8761075
90 3 813.142 1945.802 319.7736473 8.8763653
92 3 702.821 2033.801 319.7797206 8.8811610
95 3 307.799 2065.086 319.8017222 8.8826392
93 3 1728.308 2062.385 319.7230551 8.8834413
96 3 807.374 2083.200 319.7739338 8.8839627
97 3 1340.322 2082.488 319.7444264 8.8842721
98 3 1416.983 2124.390 319.7401866 8.8866556
99 3 795.400 2182.548 319.7746213 8.8894631
100 3 1707.797 2190.653 319.7241437 8.8905116
101 3 1845.118 2204.489 319.7165807 8.8913653
105 3 575.605 2250.279 319.7868253 8.8930728
104 3 1315.114 2251.066 319.7458015 8.8935884
108 3 1456.807 2280.051 319.7379520 8.8952901
110 3 1892.018 2321.802 319.7140024 8.8978799
111 3 994.473 2340.674 319.7635059 8.8983440
112 3 420.621 2355.082 319.7954197 8.8988023
113 3 541.745 2361.554 319.7886588 8.8992321
114 3 83.655 2392.741 319.8142127 8.9006931
115 3 735.270 2391.903 319.7778872 8.9010311
116 3 373.223 2403.409 319.7980553 8.9014551
119 3 76.465 2442.812 319.8146138 8.9034662
118 3 1118.002 2439.365 319.7566877 8.9038902
121 3 935.267 2457.142 319.7668291 8.9047668
120 3 1562.558 2452.529 319.7321079 8.9048929
122 3 1378.102 2472.754 319.7423065 8.9059013
124 3 736.000 2507.114 319.7778872 8.9074196
123 3 1105.531 2509.608 319.7573753 8.9077749
126 3 149.196 2522.431 319.8106031 8.9079410
125 3 597.674 2519.117 319.7855648 8.9080098
127 3 1257.611 2546.478 319.7489528 8.9099120
128 3 844.324 2555.534 319.7718138 8.9101755
129 3 806.813 2574.604 319.7739338 8.9112126
130 3 399.508 2585.501 319.7965656 8.9115850
131 3 1533.687 2586.021 319.7337121 8.9122668
134 3 834.688 2637.972 319.7723868 8.9147420
137 3 1186.431 2655.323 319.7528489 8.9159223
135 3 1659.206 2653.986 319.7267793 8.9161057
138 3 517.165 2675.355 319.7900339 8.9166385
140 3 1320.020 2830.058 319.7454578 8.9256683
141 3 1022.334 2837.706 319.7619590 8.9259319
142 3 1312.312 2841.516 319.7459161 8.9263444
143 3 25.789 2855.696 319.8174786 8.9264189
144 3 480.043 2855.641 319.7920965 8.9266538
145 3 364.169 2859.744 319.7985710 8.9268200
146 3 1355.809 2890.558 319.7435097 8.9290488
147 3 231.186 2908.357 319.8060194 8.9294498
148 3 970.261 2918.287 319.7648237 8.9303838
150 3 941.935 2939.638 319.7664280 8.9315526
151 3 1423.206 2972.470 319.7397855 8.9336210
152 3 1651.496 3002.502 319.7271804 8.9354086
153 3 892.615 3012.887 319.7691782 8.9355977
154 3 908.096 3033.087 319.7683188 8.9367264
156 3 217.842 3054.076 319.8067643 8.9375629
157 3 189.747 3074.747 319.8083112 8.9386974
158 3 1836.334 3135.781 319.7169818 8.9428857
159 3 1746.759 3150.667 319.7219665 8.9436649
160 3 340.176 3164.552 319.7999461 8.9437738
161 3 1069.174 3190.127 319.7593806 8.9455328
162 3 1265.078 3203.434 319.7485517 8.9463636
164 3 1277.422 3231.902 319.7478642 8.9479507
165 3 1357.329 3256.086 319.7433951 8.9493258
168 3 418.813 3283.997 319.7955343 8.9504602
169 3 47.532 3305.610 319.8163326 8.9515030
170 3 715.293 3316.670 319.7790331 8.9524140
172 3 674.602 3348.180 319.7813249 8.9541443
171 3 1757.979 3343.435 319.7213362 8.9543563
173 3 1774.969 3345.283 319.7203622 8.9544652
175 3 1671.279 3390.479 319.7260918 8.9569232
176 3 1720.096 3390.264 319.7233989 8.9569346
177 3 1220.248 3403.558 319.7510155 8.9574618
178 3 574.549 3426.558 319.7868826 8.9584702
179 3 967.060 3441.660 319.7650529 8.9594671
180 3 1147.239 3440.422 319.7550835 8.9594786
181 3 1150.880 3458.654 319.7549116 8.9604984
182 3 15.032 3467.813 319.8181661 8.9605328
183 3 1302.754 3467.157 319.7464891 8.9610198
184 3 1480.163 3486.641 319.7366915 8.9621772
185 3 203.482 3500.760 319.8076237 8.9624522
189 3 1004.066 3544.052 319.7630476 8.9651795
190 3 694.879 3565.989 319.7802363 8.9662796
191 3 497.634 3575.890 319.7911798 8.9667551
192 3 893.310 3578.825 319.7691782 8.9670703
194 3 893.618 3621.975 319.7691782 8.9694767
197 3 448.422 3704.181 319.7939873 8.9738827
198 3 955.421 3724.845 319.7657405 8.9752292
199 3 521.013 3733.023 319.7899193 8.9755157
201 3 569.300 3789.971 319.7872264 8.9787185
202 3 1816.868 3831.419 319.7181277 8.9814458
204 3 566.870 3857.993 319.7873983 8.9825000
207 3 626.459 3918.383 319.7840751 8.9858805
208 3 980.341 3928.492 319.7644227 8.9865623
209 3 980.701 3955.287 319.7644227 8.9880520
210 3 917.072 3961.604 319.7679177 8.9883786
211 3 1391.673 4040.365 319.7416762 8.9929049
212 3 126.214 4048.470 319.8120355 8.9929851
213 3 1178.712 4070.727 319.7534219 8.9945321
214 3 1750.880 4088.010 319.7218519 8.9956551
217 3 592.743 4149.778 319.7860232 8.9987663
216 3 1049.836 4148.563 319.7605839 8.9988236
4 4 97.055 89.423 319.9323566 8.7722073
2 4 985.558 81.592 319.8825093 8.7722990
5 4 278.223 89.960 319.9222152 8.7723276
3 4 909.471 93.172 319.8867492 8.7728834
6 4 1971.460 98.766 319.8273907 8.7739663
8 4 150.334 127.234 319.9293772 8.7742986
9 4 1323.978 127.084 319.8635444 8.7750205
10 4 529.962 142.906 319.9080632 8.7753586
11 4 668.577 152.727 319.9002710 8.7760003
13 4 81.095 230.647 319.9332733 8.7799537
14 4 108.596 242.334 319.9317263 8.7806069
16 4 1469.942 277.283 319.8553511 8.7833628
15 4 1965.433 276.295 319.8277345 8.7836837
17 4 155.602 310.750 319.9290907 8.7843884
18 4 1292.897 311.689 319.8652632 8.7851332
19 4 866.538 353.655 319.8891556 8.7871558
21 4 1116.495 493.467 319.8751181 8.7949996
22 4 703.979 517.445 319.8982656 8.7960653
23 4 956.603 521.905 319.8840563 8.7964721
25 4 1691.275 532.455 319.8429752 8.7975378
24 4 1561.079 534.167 319.8501945 8.7975378
26 4 1118.356 541.372 319.8750035 8.7976294
28 4 958.263 554.192 319.8839990 8.7982425
27 4 862.362 555.794 319.8893848 8.7982712
30 4 1891.612 579.479 319.8317452 8.8002765
32 4 754.283 594.659 319.8954581 8.8003395
31 4 1133.562 592.502 319.8741441 8.8004599
33 4 1667.599 597.201 319.8442357 8.8010844
34 4 1111.070 615.448 319.8754046 8.8017089
35 4 379.089 628.373 319.9165430 8.8019954
36 4 1546.953 638.429 319.8509966 8.8032673
37 4 486.699 691.802 319.9104696 8.8055535
40 4 637.727 702.673 319.9019898 8.8062295
39 4 1648.419 696.998 319.8453243 8.8065619
41 4 828.211 713.982 319.8912755 8.8069629
42 4 113.001 730.695 319.9314972 8.8075015
43 4 1118.368 831.517 319.8749462 8.8136264
44 4 467.354 841.122 319.9115582 8.8137811
46 4 298.502 851.886 319.9210693 8.8142853
45 4 1182.554 849.972 319.8713366 8.8146807
47 4 1912.424 847.200 319.8305420 8.8150244
48 4 1073.651 873.049 319.8774672 8.8158896
49 4 630.785 882.140 319.9023909 8.8161303
50 4 1523.252 906.048 319.8523144 8.8179981
51 4 199.333 924.187 319.9266843 8.8182273
53 4 693.268 941.842 319.8988959 8.8194649
54 4 1181.862 955.526 319.8713939 8.8205134
55 4 1707.204 986.036 319.8419439 8.8225359
56 4 867.320 1000.481 319.8890410 8.8228109
57 4 459.867 1004.764 319.9120166 8.8228167
58 4 839.765 1010.556 319.8906453 8.8233552
59 4 218.660 1050.823 319.9255957 8.8252346
61 4 104.847 1061.910 319.9320128 8.8257960
60 4 1712.105 1058.435 319.8417147 8.8265352
63 4 937.971 1129.227 319.8850876 8.8299729
64 4 127.369 1140.962 319.9307523 8.8301849
65 4 1194.010 1156.088 319.8707063 8.8316001
66 4 1148.063 1209.928 319.8732847 8.8345508
67 4 1635.817 1209.893 319.8459546 8.8348545
68 4 970.002 1217.700 319.8833114 8.8348774
70 4 1561.326 1224.655 319.8501372 8.8356280
71 4 279.325 1238.177 319.9221580 8.8356395
74 4 1320.061 1243.952 319.8636590 8.8365333
73 4 1191.943 1246.034 319.8708209 8.8365734
76 4 1451.664 1249.719 319.8562678 8.8369458
75 4 1619.357 1254.222 319.8468713 8.8372896
77 4 359.283 1283.181 319.9176889 8.8381719
79 4 634.288 1341.117 319.9021617 8.8415237
80 4 928.372 1350.102 319.8856032 8.8421826
82 4 803.813 1366.120 319.8926506 8.8429905
83 4 1962.120 1388.007 319.8276772 8.8449099
86 4 53.910 1458.289 319.9349349 8.8477403
85 4 1672.609 1455.576 319.8438346 8.8484680
87 4 825.597 1465.870 319.8913901 8.8485425
89 4 261.281 1485.715 319.9232466 8.8493561
88 4 1123.124 1486.325 319.8746598 8.8498374
90 4 1303.683 1488.538 319.8645184 8.8500665
91 4 268.546 1507.669 319.9227882 8.8505707
93 4 259.158 1524.253 319.9233612 8.8514932
94 4 1245.457 1558.823 319.8678416 8.8539283
95 4 47.740 1580.581 319.9352787 8.8545299
96 4 777.683 1581.595 319.8941403 8.8549367
99 4 1493.461 1689.302 319.8538614 8.8613080
100 4 1756.994 1701.211 319.8390791 8.8621273
101 4 902.762 1731.000 319.8870929 8.8633076
102 4 1015.826 1736.555 319.8807331 8.8636686
103 4 1344.037 1737.731 319.8622839 8.8639149
104 4 474.995 1754.303 319.9112145 8.8643733
106 4 292.392 1783.210 319.9214704 8.8658974
105 4 1816.979 1784.623 319.8357559 8.8667912
107 4 1040.307 1802.907 319.8793580 8.8673641
108 4 1239.265 1808.693 319.8681280 8.8677939
109 4 1657.750 1812.292 319.8446368 8.8682350
110 4 574.948 1824.097 319.9055422 8.8683038
111 4 1672.019 1889.004 319.8438346 8.8724978
112 4 1779.950 1894.884 319.8377613 8.8728932
114 4 1683.288 1907.042 319.8432044 8.8735120
113 4 1455.969 1910.231 319.8559813 8.8735578
115 4 407.011 1932.025 319.9150533 8.8742167
116 4 474.128 1935.236 319.9112718 8.8744344
117 4 153.594 1962.030 319.9293772 8.8757866
120 4 142.783 2007.998 319.9300075 8.8783420
119 4 1803.825 1994.395 319.8364435 8.8784280
123 4 1638.224 2037.248 319.8457254 8.8807198
122 4 1711.160 2042.878 319.8416574 8.8810693
124 4 1180.897 2049.834 319.8714512 8.8811724
128 4 771.167 2147.094 319.8945414 8.8863749
127 4 458.932 2150.767 319.9121312 8.8864322
126 4 1807.619 2140.638 319.8362716 8.8865582
129 4 1790.209 2170.178 319.8371883 8.8881912
132 4 185.296 2209.591 319.9276011 8.8895892
131 4 2018.773 2196.647 319.8244114 8.8897840
133 4 368.682 2226.586 319.9172878 8.8906148
134 4 289.417 2251.832 319.9217569 8.8919956
136 4 23.406 2317.841 319.9368257 8.8955995
137 4 84.517 2323.818 319.9333306 8.8959261
138 4 2023.658 2346.000 319.8241822 8.8980804
139 4 1294.469 2381.451 319.8650341 8.8996847
140 4 1692.477 2399.707 319.8426887 8.9008994
142 4 474.277 2412.557 319.9113291 8.9010426
141 4 2023.574 2412.865 319.8241822 8.9017989
143 4 1345.971 2435.824 319.8621693 8.9027386
144 4 1315.730 2476.367 319.8638881 8.9049903
145 4 945.189 2485.259 319.8847438 8.9053054
147 4 163.894 2499.741 319.9288616 8.9057810
148 4 942.333 2504.524 319.8849157 8.9063768
151 4 1851.577 2522.487 319.8337506 8.9078207
152 4 1631.670 2537.617 319.8461265 8.9085426
153 4 817.340 2575.351 319.8919631 8.9102787
154 4 411.216 2585.846 319.9148814 8.9106855
155 4 781.982 2605.007 319.8939684 8.9119116
156 4 663.532 2619.707 319.9006720 8.9126851
158 4 755.356 2642.558 319.8954581 8.9139972
159 4 1095.406 2651.263 319.8762640 8.9146332
160 4 958.856 2663.458 319.8839990 8.9152520
163 4 1822.925 2693.226 319.8354121 8.9173146
164 4 1721.564 2697.428 319.8410844 8.9175037
167 4 308.756 2775.487 319.9207256 8.9212394
165 4 1344.346 2770.637 319.8622839 8.9214112
166 4 387.352 2779.527 319.9162565 8.9214972
168 4 1087.825 2797.397 319.8767224 8.9227863
169 4 328.809 2813.190 319.9195796 8.9233536
170 4 400.019 2840.704 319.9155689 8.9249235
171 4 1848.996 2852.273 319.8339225 8.9261897
172 4 1237.662 2862.752 319.8682999 8.9264991
173 4 996.517 2889.959 319.8818790 8.9279143
174 4 101.134 2904.878 319.9325285 8.9283899
176 4 1750.010 2917.104 319.8394801 8.9297535
177 4 427.512 2956.407 319.9140220 8.9313979
178 4 190.333 2985.550 319.9274865 8.9329334
179 4 1924.731 2988.976 319.8296826 8.9338444
180 4 412.383 3022.989 319.9149387 8.9351107
181 4 576.478 3022.955 319.9055995 8.9351852
183 4 1241.240 3041.082 319.8681280 8.9364628
182 4 1785.922 3041.511 319.8374748 8.9367092
185 4 1889.157 3089.633 319.8316879 8.9394422
187 4 164.222 3104.973 319.9289762 8.9396141
188 4 671.462 3105.934 319.9002710 8.9398605
189 4 1912.731 3159.854 319.8303701 8.9433670
190 4 602.926 3173.791 319.9041671 8.9436248
191 4 106.146 3271.931 319.9322993 8.9489361
192 4 512.439 3316.228 319.9093237 8.9515660
193 4 378.850 3323.185 319.9168867 8.9518983
194 4 340.667 3326.755 319.9190067 8.9520874
195 4 881.790 3341.325 319.8884680 8.9530901
196 4 170.850 3346.018 319.9286324 8.9531073
197 4 1956.731 3363.301 319.8279637 8.9547345
198 4 533.497 3390.716 319.9081205 8.9557371
201 4 500.700 3450.499 319.9100112 8.9590660
200 4 741.634 3449.972 319.8963749 8.9591233
202 4 1652.530 3450.805 319.8450378 8.9595015
203 4 585.790 3494.349 319.9051984 8.9615527
204 4 354.452 3525.225 319.9183191 8.9632028
205 4 1275.835 3556.605 319.8662373 8.9652769
206 4 1212.037 3566.233 319.8698469 8.9657983
207 4 916.864 3623.282 319.8865200 8.9688865
208 4 1595.883 3627.050 319.8482464 8.9693277
209 4 1172.401 3630.375 319.8720814 8.9693678
211 4 193.113 3658.797 319.9274292 8.9706341
213 4 1886.790 3689.222 319.8319171 8.9729030
214 4 1001.010 3708.204 319.8817644 8.9736650
215 4 1178.477 3736.948 319.8717950 8.9753323
216 4 1670.689 3748.776 319.8440638 8.9761574
217 4 394.085 3790.004 319.9161419 8.9780424
218 4 1010.924 3808.937 319.8812488 8.9793029
219 4 971.136 3813.866 319.8834833 8.9795722
220 4 24.715 3820.028 319.9370549 8.9796123
221 4 1354.765 3822.104 319.8618828 8.9801566
222 4 1106.358 3832.302 319.8758630 8.9806436
225 4 1413.403 3914.947 319.8585596 8.9853648
227 4 1600.427 3965.344 319.8480745 8.9882410
229 4 864.061 3977.249 319.8896140 8.9886822
230 4 551.470 3981.438 319.9072611 8.9888140
228 4 1126.421 3978.756 319.8747743 8.9888484
231 4 183.529 4030.227 319.9281167 8.9914381
232 4 1038.306 4035.143 319.8797591 8.9919767
233 4 1553.988 4045.546 319.8507101 8.9927101
234 4 874.249 4049.854 319.8890410 8.9927502
236 4 1421.673 4126.557 319.8581586 8.9972021
237 4 210.578 4144.673 319.9266270 8.9978495
238 4 894.342 4151.526 319.8878951 8.9984512
0 5 1929.327 16.907 319.9490870 8.7677497
2 5 130.206 35.749 320.0503859 8.7682539
3 5 992.621 43.391 320.0017991 8.7688670
5 5 311.254 67.036 320.0401873 8.7700014
6 5 207.993 72.466 320.0460314 8.7702879
7 5 229.736 90.470 320.0447709 8.7712734
8 5 1199.099 100.921 319.9902253 8.7720698
10 5 718.925 131.277 320.0172689 8.7736111
13 5 1499.628 181.636 319.9733231 8.7766076
14 5 425.480 270.613 320.0338274 8.7812027
17 5 258.260 284.838 320.0432812 8.7819533
18 5 967.466 301.823 320.0033461 8.7830477
22 5 460.082 338.235 320.0319367 8.7849270
23 5 936.119 350.730 320.0051222 8.7857348
27 5 575.448 433.453 320.0254622 8.7901925
28 5 685.525 439.448 320.0192743 8.7905477
29 5 1083.116 445.201 319.9968717 8.7909774
32 5 400.062 524.471 320.0353744 8.7951715
34 5 533.930 537.065 320.0278114 8.7958877
35 5 368.980 577.481 320.0371506 8.7980821
36 5 1735.402 594.821 319.9600878 8.7994400
37 5 1135.175 599.856 319.9939496 8.7995145
39 5 304.982 625.953 320.0407602 8.8007463
41 5 420.258 641.129 320.0342858 8.8016000
40 5 958.255 641.130 320.0039763 8.8017318
42 5 1430.336 664.619 319.9773338 8.8031871
43 5 1965.776 723.963 319.9470816 8.8066650
44 5 790.913 811.191 320.0134301 8.8110710
45 5 1857.690 818.481 319.9532123 8.8118388
46 5 293.799 832.319 320.0415051 8.8121367
47 5 448.741 839.016 320.0327961 8.8125263
48 5 891.782 846.998 320.0077578 8.8130821
49 5 719.910 871.499 320.0174981 8.8143885
50 5 1641.675 880.908 319.9654163 8.8152021
51 5 268.307 904.463 320.0429948 8.8161188
52 5 994.900 920.646 320.0019710 8.8171788
53 5 1972.531 924.229 319.9467378 8.8177288
54 5 878.139 945.234 320.0085600 8.8185080
56 5 794.702 958.243 320.0132582 8.8192013
57 5 266.694 1024.884 320.0431093 8.8227766
58 5 715.748 1035.922 320.0177273 8.8234870
59 5 1586.368 1066.726 319.9685675 8.8254695
60 5 1395.366 1083.355 319.9793391 8.8263174
61 5 977.755 1140.561 320.0029450 8.8293484
63 5 1109.242 1145.705 319.9955538 8.8296635
62 5 389.488 1149.967 320.0362339 8.8297265
64 5 1862.740 1196.789 319.9529831 8.8327689
65 5 1535.533 1219.225 319.9714896 8.8338862
66 5 1551.751 1227.676 319.9705729 8.8343675
67 5 1189.064 1234.852 319.9910848 8.8346425
68 5 944.303 1269.374 320.0048931 8.8364760
69 5 1559.952 1278.271 319.9701145 8.8371693
70 5 1631.819 1330.518 319.9660465 8.8401028
73 5 1684.803 1356.058 319.9630671 8.8415295
74 5 1522.901 1366.918 319.9722345 8.8420852
75 5 1095.952 1376.477 319.9964133 8.8424691
76 5 699.591 1384.236 320.0188159 8.8427842
77 5 1919.684 1413.005 319.9497745 8.8447781
78 5 343.611 1487.827 320.0389268 8.8484623
79 5 1679.733 1555.896 319.9633536 8.8526334
80 5 2033.357 1577.318 319.9433574 8.8539569
82 5 1290.548 1605.275 319.9854125 8.8552346
83 5 993.252 1607.097 320.0022575 8.8552404
84 5 1447.822 1633.926 319.9765316 8.8568847
85 5 1068.302 1639.908 319.9980176 8.8570967
86 5 1842.648 1638.886 319.9541863 8.8572915
87 5 1797.958 1645.544 319.9567073 8.8576468
88 5 1013.272 1698.311 320.0011115 8.8603168
89 5 1883.464 1711.422 319.9518945 8.8613424
90 5 1756.808 1716.321 319.9590564 8.8615658
93 5 130.434 1768.310 320.0511308 8.8640009
94 5 236.835 1771.551 320.0451147 8.8642014
96 5 1995.575 1777.717 319.9455919 8.8650780
97 5 1368.747 1788.886 319.9810580 8.8655078
98 5 1437.625 1800.146 319.9771046 8.8661151
101 5 209.103 1845.185 320.0467190 8.8682981
103 5 1817.369 1869.855 319.9556760 8.8701315
107 5 579.674 1948.902 320.0257487 8.8741537
108 5 301.027 1961.354 320.0415624 8.8747839
109 5 1571.659 1978.138 319.9695989 8.8760788
110 5 1611.433 1986.819 319.9673643 8.8765773
111 5 636.514 2002.740 320.0225402 8.8771674
114 5 855.777 2063.476 320.0101643 8.8806109
115 5 416.413 2086.981 320.0350879 8.8818084
116 5 1033.907 2133.125 320.0000802 8.8845414
121 5 117.562 2151.905 320.0519902 8.8853665
119 5 310.915 2155.961 320.0410467 8.8856300
124 5 354.438 2200.924 320.0385830 8.8881510
123 5 1663.486 2201.943 319.9644422 8.8885922
126 5 247.088 2217.153 320.0447136 8.8890277
127 5 408.920 2217.779 320.0355463 8.8891079
128 5 923.006 2223.255 320.0064400 8.8895261
130 5 1390.987 2244.848 319.9798548 8.8908898
131 5 53.003 2252.851 320.0557144 8.8909815
132 5 1526.951 2269.893 319.9721772 8.8923279
133 5 1915.276 2278.196 319.9501756 8.8929238
134 5 1484.481 2302.024 319.9745836 8.8941098
135 5 136.080 2322.459 320.0510162 8.8948776
137 5 228.365 2336.588 320.0458022 8.8956854
136 5 1603.683 2332.923 319.9678800 8.8958745
138 5 706.437 2383.102 320.0187586 8.8984013
139 5 1937.074 2384.929 319.9489724 8.8988825
140 5 487.748 2408.407 320.0311345 8.8997534
141 5 813.022 2428.293 320.0126853 8.9009567
144 5 306.736 2482.563 320.0413905 8.9038615
146 5 1194.915 2489.191 319.9910848 8.9044689
145 5 1581.381 2487.341 319.9691978 8.9044861
147 5 698.458 2497.738 320.0192170 8.9048012
148 5 1872.333 2517.087 319.9526966 8.9062508
149 5 895.464 2576.162 320.0080443 8.9092531
150 5 1060.149 2587.710 319.9987624 8.9099464
151 5 522.087 2606.493 320.0292438 8.9108344
152 5 1441.916 2613.562 319.9771046 8.9114933
153 5 211.436 2628.553 320.0468909 8.9119918
154 5 1111.417 2637.981 319.9958403 8.9127710
156 5 1870.749 2651.136 319.9528112 8.9137393
158 5 1083.371 2665.129 319.9974446 8.9142779
157 5 1315.854 2664.258 319.9842666 8.9143008
159 5 1570.852 2680.141 319.9698280 8.9152577
160 5 1507.006 2691.894 319.9734377 8.9158937
162 5 1385.783 2775.163 319.9803132 8.9205117
163 5 79.269 2797.282 320.0543966 8.9214055
165 5 598.682 2800.817 320.0249466 8.9217321
164 5 1877.900 2802.130 319.9524101 8.9221847
168 5 494.432 2834.542 320.0309053 8.9235942
169 5 493.246 2859.708 320.0309626 8.9250037
171 5 519.520 2878.712 320.0294729 8.9260751
172 5 1113.473 2932.526 319.9957830 8.9292493
173 5 1959.025 2958.932 319.9478838 8.9309854
175 5 158.036 2985.300 320.0500421 8.9319365
177 5 1717.517 3028.746 319.9615775 8.9348070
178 5 1175.567 3060.684 319.9922880 8.9364457
179 5 1095.688 3078.097 319.9968717 8.9373910
180 5 1646.199 3077.351 319.9656455 8.9375056
181 5 955.776 3082.777 320.0047785 8.9376145
182 5 2013.229 3111.810 319.9448471 8.9395568
183 5 1641.751 3119.315 319.9658746 8.9398548
184 5 1508.623 3136.036 319.9734377 8.9407486
187 5 560.458 3222.088 320.0272957 8.9453036
188 5 1092.471 3269.284 319.9971008 8.9480996
190 5 205.152 3297.595 320.0474638 8.9494346
191 5 37.465 3302.576 320.0569749 8.9496695
192 5 355.473 3319.958 320.0389268 8.9507295
194 5 1472.506 3326.737 319.9755576 8.9514170
193 5 1831.745 3331.158 319.9551603 8.9517780
197 5 1696.526 3368.471 319.9628380 8.9538292
198 5 53.093 3379.298 320.0560582 8.9539724
199 5 385.263 3378.404 320.0372652 8.9540125
202 5 907.115 3450.094 320.0076433 8.9581722
203 5 725.064 3486.925 320.0180138 8.9601890
204 5 595.885 3503.789 320.0253477 8.9610943
205 5 105.920 3526.000 320.0531361 8.9622001
206 5 316.507 3538.485 320.0412186 8.9629621
209 5 1892.049 3587.481 319.9517799 8.9661593
210 5 748.021 3596.406 320.0167533 8.9663254
212 5 314.712 3602.787 320.0413332 8.9665661
211 5 1200.005 3604.405 319.9910848 8.9669098
214 5 1928.878 3620.294 319.9497172 8.9680099
215 5 1523.073 3644.699 319.9727501 8.9692418
216 5 1023.417 3656.127 320.0011115 8.9697574
217 5 1465.750 3666.411 319.9760160 8.9704622
218 5 1668.561 3689.615 319.9644995 8.9718143
219 5 893.458 3769.589 320.0085600 8.9760771
220 5 150.518 3784.068 320.0506724 8.9766788
222 5 1892.121 3844.812 319.9518945 8.9805806
223 5 1971.484 3848.454 319.9473681 8.9808098
224 5 99.132 3859.265 320.0536518 8.9808785
226 5 663.101 3865.689 320.0216234 8.9813999
225 5 859.855 3868.814 320.0105080 8.9816291
227 5 54.480 3883.285 320.0561728 8.9822135
228 5 807.952 3894.304 320.0134301 8.9830443
229 5 1844.507 3899.823 319.9545874 8.9836517
231 5 863.128 3905.020 320.0102789 8.9836688
230 5 1588.376 3902.284 319.9691405 8.9837147
233 5 279.402 3918.108 320.0434531 8.9842303
232 5 1527.490 3914.862 319.9725782 8.9844137
234 5 775.322 3929.509 320.0152636 8.9850096
235 5 606.646 3932.371 320.0248893 8.9851242
236 5 1993.533 3955.106 319.9461649 8.9867915
238 5 493.556 3979.926 320.0313064 8.9877540
239 5 862.937 4000.494 320.0103362 8.9890145
241 5 504.879 4020.486 320.0306762 8.9900287
240 5 939.496 4020.986 320.0059817 8.9901891
242 5 1401.755 4043.437 319.9797402 8.9915871
243 5 1079.116 4053.227 319.9980749 8.9920398
244 5 202.452 4065.237 320.0478076 8.9924523
245 5 679.624 4078.130 320.0207640 8.9933232
246 5 326.907 4104.730 320.0407602 8.9947040
247 5 587.854 4109.112 320.0259779 8.9950363
0 6 1057.071 12.512 320.2384880 9.0027254
1 6 1132.857 53.994 320.2343054 9.0050860
5 6 1954.239 146.365 320.1885833 9.0105463
8 6 1743.233 183.809 320.2003863 9.0125516
10 6 38.767 279.115 320.2948097 9.0171525
12 6 162.083 331.632 320.2880488 9.0201204
11 6 605.566 329.009 320.2635835 9.0201605
13 6 1880.306 334.551 320.1927659 9.0210200
14 6 1378.073 435.644 320.2207836 9.0264344
16 6 1443.664 484.128 320.2171739 9.0291617
17 6 1390.617 490.883 320.2200960 9.0295169
18 6 1597.116 499.080 320.2086369 9.0300670
20 6 1111.940 511.393 320.2356232 9.0305311
21 6 866.135 515.989 320.2492596 9.0306628
23 6 723.666 570.010 320.2571664 9.0335964
24 6 758.028 585.528 320.2552756 9.0344787
25 6 1919.302 615.487 320.1906460 9.0367018
26 6 1725.819 630.317 320.2014749 9.0374352
27 6 512.971 643.262 320.2687974 9.0375613
28 6 1157.494 655.894 320.2331021 9.0385868
30 6 1856.555 686.831 320.1941410 9.0406552
31 6 565.839 700.209 320.2658753 9.0407469
32 6 139.447 715.332 320.2894239 9.0413771
33 6 1274.822 718.214 320.2266277 9.0421163
34 6 771.015 723.773 320.2545881 9.0421621
36 6 389.314 748.563 320.2756729 9.0433539
42 6 1733.630 913.663 320.2010738 9.0532259
44 6 1742.788 936.083 320.2005581 9.0544807
45 6 1800.734 955.640 320.1973496 9.0556037
46 6 1279.336 979.253 320.2263985 9.0566350
47 6 1648.928 978.547 320.2058294 9.0567954
48 6 1118.314 1005.853 320.2353367 9.0580216
49 6 1559.364 1011.297 320.2108141 9.0585716
50 6 1424.579 1015.507 320.2183198 9.0587320
51 6 994.880 1042.753 320.2422122 9.0600040
52 6 612.022 1091.306 320.2634116 9.0624735
53 6 963.557 1124.006 320.2439883 9.0644960
54 6 1538.022 1143.129 320.2120173 9.0658997
55 6 1765.708 1144.170 320.1992976 9.0660831
56 6 1125.224 1179.821 320.2349929 9.0676931
57 6 443.350 1188.060 320.2727508 9.0677447
58 6 739.371 1195.124 320.2564215 9.0683062
60 6 536.801 1251.266 320.2675942 9.0713085
61 6 584.757 1286.453 320.2649013 9.0732737
62 6 1736.536 1289.782 320.2009592 9.0741675
66 6 199.804 1318.493 320.2861580 9.0748092
63 6 1887.519 1300.432 320.1925367 9.0748436
67 6 1843.776 1322.951 320.1950005 9.0760755
69 6 1070.463 1334.641 320.2380296 9.0762416
70 6 1826.021 1350.402 320.1959745 9.0775938
74 6 403.492 1400.177 320.2749281 9.0794674
75 6 1881.143 1430.245 320.1928805 9.0820686
76 6 1285.594 1488.132 320.2261121 9.0849162
77 6 592.285 1500.414 320.2645575 9.0851511
80 6 1454.192 1563.116 320.2167156 9.0891905
81 6 1292.864 1577.725 320.2257110 9.0898952
85 6 759.760 1652.861 320.2552756 9.0936882
86 6 707.588 1681.880 320.2581404 9.0952638
87 6 1294.369 1773.975 320.2256537 9.1007871
89 6 442.333 1853.912 320.2728081 9.1045973
90 6 1736.167 1874.199 320.2010165 9.1066485
92 6 509.462 1908.576 320.2690839 9.1076741
94 6 1635.835 1938.827 320.2066315 9.1101607
97 6 903.213 1949.753 320.2473688 9.1102409
95 6 1852.677 1940.441 320.1945421 9.1104014
98 6 1719.405 1976.413 320.2019332 9.1123036
100 6 475.642 2008.519 320.2709747 9.1131745
101 6 1936.682 2027.736 320.1898438 9.1153059
104 6 631.031 2045.736 320.2623803 9.1153460
103 6 1433.961 2039.180 320.2178615 9.1155866
102 6 1684.328 2036.700 320.2039386 9.1156268
107 6 733.825 2075.830 320.2567080 9.1170763
106 6 999.108 2072.400 320.2419830 9.1170935
110 6 718.801 2123.608 320.2575102 9.1197062
109 6 1838.942 2116.667 320.1952869 9.1201703
115 6 1098.979 2208.843 320.2364253 9.1247196
116 6 1168.620 2268.957 320.2325865 9.1281000
118 6 1630.007 2327.665 320.2069180 9.1317097
120 6 488.863 2365.760 320.2701725 9.1329014
122 6 559.772 2451.821 320.2662764 9.1377085
123 6 222.508 2466.823 320.2848402 9.1382127
128 6 1474.621 2565.092 320.2155696 9.1447101
129 6 948.929 2589.844 320.2447332 9.1456383
132 6 142.293 2639.932 320.2892520 9.1477009
131 6 1545.185 2619.886 320.2116162 9.1477983
134 6 275.034 2648.737 320.2819182 9.1483025
133 6 1475.325 2639.910 320.2155123 9.1488468
135 6 1842.113 2698.897 320.1951150 9.1524049
137 6 1312.149 2723.250 320.2245651 9.1533045
138 6 1090.832 2747.678 320.2368264 9.1544561
139 6 1155.053 2771.159 320.2332740 9.1558140
141 6 306.619 2810.099 320.2801420 9.1572063
142 6 1611.976 2810.040 320.2078920 9.1583522
144 6 983.810 2841.924 320.2427851 9.1595669
145 6 1459.384 2847.711 320.2163718 9.1602945
147 6 955.890 2871.793 320.2442748 9.1611884
146 6 1969.788 2874.546 320.1879531 9.1622025
150 6 1383.010 2936.893 320.2206117 9.1651532
152 6 470.616 2989.231 320.2710893 9.1672044
151 6 983.887 2988.893 320.2427278 9.1676513
153 6 1299.931 3018.356 320.2251953 9.1695650
154 6 1121.050 3031.420 320.2351075 9.1701208
155 6 1508.781 3047.875 320.2135643 9.1713755
156 6 1826.163 3073.566 320.1959172 9.1730486
161 6 1815.553 3160.120 320.1964901 9.1778213
162 6 1695.580 3175.219 320.2031938 9.1785490
163 6 214.419 3219.541 320.2851267 9.1796032
165 6 1531.768 3256.387 320.2122465 9.1828691
166 6 401.943 3280.390 320.2747562 9.1831212
169 6 1472.563 3343.269 320.2155696 9.1875902
171 6 512.667 3378.340 320.2686828 9.1886044
174 6 16.390 3436.167 320.2959556 9.1912858
172 6 1119.043 3423.660 320.2351648 9.1916697
178 6 290.622 3499.649 320.2808868 9.1950387
179 6 371.795 3498.382 320.2764178 9.1950502
177 6 1918.366 3485.072 320.1907033 9.1957835
180 6 1533.161 3509.876 320.2121319 9.1967977
181 6 1096.026 3530.205 320.2363680 9.1974910
183 6 852.811 3571.111 320.2498325 9.1995020
186 6 637.232 3590.565 320.2617500 9.2003557
185 6 1648.830 3578.488 320.2057148 9.2006651
188 6 657.338 3620.257 320.2606041 9.2020059
192 6 1343.052 3666.333 320.2226743 9.2051972
195 6 334.358 3690.355 320.2783658 9.2055181
194 6 1091.033 3678.392 320.2365972 9.2056155
191 6 1945.633 3664.245 320.1891563 9.2056441
197 6 68.089 3725.821 320.2930335 9.2071911
196 6 1197.510 3712.403 320.2306957 9.2075807
198 6 1915.472 3722.532 320.1908179 9.2088126
201 6 720.579 3782.232 320.2570518 9.2109326
202 6 1062.595 3793.699 320.2381442 9.2119008
203 6 520.095 3841.213 320.2681099 9.2139578
204 6 687.937 3855.331 320.2588280 9.2148974
206 6 726.788 3857.608 320.2567080 9.2150578
207 6 1092.045 3876.244 320.2364826 9.2164444
209 6 437.929 3890.558 320.2726362 9.2165762
208 6 815.291 3888.019 320.2517806 9.2168397
211 6 550.260 3926.332 320.2664483 9.2186388
210 6 1159.052 3915.344 320.2328157 9.2186446
212 6 682.502 3977.645 320.2591144 9.2215781
213 6 1561.641 4066.085 320.2104130 9.2272905
214 6 416.315 4088.902 320.2737822 9.2273879
216 6 819.018 4114.857 320.2514941 9.2292214
217 6 1580.483 4117.562 320.2093244 9.2301209
219 6 1180.063 4133.478 320.2315552 9.2305907
220 6 1624.934 4134.621 320.2068607 9.2310949
221 6 1873.316 4132.501 320.1930524 9.2312153
2 7 989.952 27.928 320.1233807 9.0043755
3 7 913.441 41.427 320.1277352 9.0051089
6 7 1290.687 106.502 320.1064212 9.0088733
7 7 421.541 138.881 320.1554664 9.0103916
9 7 1295.484 192.621 320.1061920 9.0137033
10 7 1798.122 203.798 320.0777733 9.0144997
11 7 1963.816 231.913 320.0683768 9.0161326
12 7 15.931 262.928 320.1782701 9.0171640
13 7 851.236 284.721 320.1312875 9.0186995
16 7 523.219 296.774 320.1497368 9.0192495
15 7 1913.073 289.457 320.0712416 9.0193355
14 7 1899.891 290.047 320.0719864 9.0193698
17 7 1607.348 312.338 320.0886022 9.0205158
18 7 812.123 324.174 320.1335221 9.0208996
20 7 415.350 335.615 320.1558674 9.0213752
19 7 1743.689 330.491 320.0808673 9.0215757
21 7 616.793 401.536 320.1445229 9.0251453
22 7 1074.716 404.154 320.1187398 9.0254604
23 7 350.634 433.245 320.1595344 9.0268068
24 7 456.156 435.705 320.1535756 9.0269845
26 7 17.415 442.286 320.1782128 9.0271735
25 7 949.038 437.831 320.1258445 9.0272996
27 7 280.791 444.477 320.1634305 9.0274084
29 7 481.938 446.134 320.1521432 9.0275803
28 7 804.119 446.639 320.1339805 9.0277408
30 7 186.684 479.302 320.1687590 9.0292992
31 7 1292.892 503.277 320.1064212 9.0310868
32 7 1687.966 504.926 320.0840758 9.0313275
33 7 1101.686 519.349 320.1172501 9.0319119
34 7 1509.292 524.545 320.0942172 9.0323588
35 7 292.503 551.374 320.1628002 9.0333787
36 7 967.273 555.885 320.1248704 9.0339115
37 7 1157.089 566.112 320.1140988 9.0345532
38 7 878.704 570.247 320.1297979 9.0346793
39 7 1454.783 595.826 320.0973112 9.0363294
41 7 90.925 632.918 320.1741448 9.0378420
43 7 570.450 674.385 320.1472158 9.0403687
42 7 1749.611 666.735 320.0806381 9.0404146
44 7 854.585 707.083 320.1312303 9.0423225
45 7 1563.269 773.181 320.0912378 9.0463046
46 7 435.352 796.503 320.1548361 9.0471296
48 7 1557.966 813.393 320.0915243 9.0485506
51 7 1873.196 865.272 320.0736480 9.0515758
52 7 420.869 904.336 320.1556956 9.0531457
53 7 197.788 923.489 320.1681860 9.0541083
54 7 516.784 926.831 320.1503097 9.0544463
55 7 455.919 965.237 320.1537475 9.0565491
59 7 299.991 980.434 320.1625137 9.0573340
58 7 1434.006 975.304 320.0985717 9.0575575
57 7 789.543 981.661 320.1349545 9.0576377
56 7 1930.409 973.452 320.0704967 9.0576549
60 7 1197.288 1029.545 320.1119789 9.0604853
61 7 795.307 1037.156 320.1346107 9.0607374
62 7 1589.832 1080.432 320.0898054 9.0634991
63 7 769.216 1087.147 320.1361577 9.0635162
65 7 1466.137 1115.829 320.0967955 9.0654242
66 7 332.355 1129.068 320.1607376 9.0656362
67 7 1968.139 1173.259 320.0683768 9.0688447
68 7 1688.760 1182.362 320.0841904 9.0692458
69 7 943.648 1196.315 320.1263028 9.0696927
70 7 631.111 1204.104 320.1438926 9.0699792
71 7 789.296 1242.161 320.1350118 9.0721794
72 7 43.377 1297.231 320.1768950 9.0748608
73 7 673.521 1297.081 320.1415435 9.0751874
74 7 1135.841 1315.408 320.1155312 9.0764364
75 7 372.055 1338.010 320.1585030 9.0773131
76 7 1265.124 1356.154 320.1081974 9.0787569
78 7 546.233 1401.348 320.1487055 9.0809342
79 7 1578.066 1416.017 320.0905503 9.0822520
80 7 642.332 1475.265 320.1433197 9.0851053
81 7 1163.475 1477.666 320.1139842 9.0855064
83 7 378.591 1494.743 320.1581593 9.0860507
84 7 1168.462 1521.757 320.1136977 9.0879643
85 7 313.529 1530.591 320.1618262 9.0880102
86 7 1105.768 1533.589 320.1172501 9.0885946
87 7 268.642 1541.978 320.1643472 9.0886232
90 7 664.386 1574.203 320.1420592 9.0906286
91 7 1113.638 1579.557 320.1167917 9.0911729
92 7 219.510 1619.576 320.1670974 9.0929147
93 7 1342.920 1640.227 320.1038429 9.0946565
94 7 1940.110 1675.784 320.0700957 9.0969139
96 7 1822.282 1692.928 320.0767420 9.0978135
98 7 1283.598 1707.995 320.1072233 9.0984094
100 7 1051.259 1753.606 320.1203441 9.1008387
101 7 124.035 1764.421 320.1724259 9.1009132
102 7 1508.444 1771.792 320.0945037 9.1020763
103 7 1722.903 1784.045 320.0824142 9.1028555
104 7 902.744 1808.495 320.1287092 9.1038181
105 7 1727.095 1812.139 320.0821851 9.1044254
106 7 1076.430 1825.527 320.1189117 9.1048609
108 7 1156.913 1876.901 320.1143853 9.1077600
109 7 1154.282 1901.323 320.1145572 9.1091237
111 7 735.814 1931.689 320.1381057 9.1105790
112 7 618.608 1943.851 320.1446948 9.1111921
113 7 1421.729 1946.405 320.0994311 9.1117650
114 7 1277.871 1955.911 320.1075671 9.1122234
116 7 1067.495 1991.355 320.1194273 9.1140855
117 7 1418.482 2011.695 320.0996603 9.1153918
119 7 772.980 2022.016 320.1360431 9.1156210
118 7 1614.990 2018.912 320.0885449 9.1158960
120 7 793.150 2055.093 320.1348972 9.1174774
122 7 858.214 2064.862 320.1312303 9.1180561
123 7 1186.007 2076.894 320.1127810 9.1189098
124 7 144.918 2090.228 320.1712800 9.1190301
125 7 1739.732 2120.295 320.0814975 9.1216027
128 7 47.017 2144.621 320.1767804 9.1219866
126 7 1556.985 2134.596 320.0918681 9.1223132
129 7 2015.821 2227.693 320.0659131 9.1277104
130 7 1998.808 2264.449 320.0668871 9.1297444
131 7 1458.260 2297.231 320.0974257 9.1313029
132 7 139.965 2311.587 320.1715665 9.1313086
133 7 1865.806 2317.385 320.0744501 9.1326264
137 7 959.937 2336.221 320.1255580 9.1331994
135 7 1856.173 2333.257 320.0749658 9.1335145
136 7 1985.125 2334.017 320.0676892 9.1336062
138 7 755.161 2355.688 320.1370744 9.1341562
140 7 680.341 2374.643 320.1412570 9.1351589
139 7 1894.380 2371.947 320.0728459 9.1356803
141 7 726.772 2410.750 320.1386787 9.1371872
142 7 1644.970 2422.334 320.0869406 9.1383560
143 7 521.785 2440.522 320.1501952 9.1387112
144 7 313.570 2473.053 320.1618835 9.1403728
146 7 142.145 2487.185 320.1714519 9.1410374
145 7 1552.990 2486.366 320.0920972 9.1418625
148 7 288.524 2544.415 320.1632586 9.1443090
147 7 1957.861 2527.403 320.0692362 9.1443377
151 7 663.109 2638.062 320.1422310 9.1497464
150 7 1362.613 2631.651 320.1028688 9.1498209
153 7 948.028 2650.706 320.1261882 9.1506287
154 7 136.848 2682.526 320.1717384 9.1518434
155 7 1622.632 2689.817 320.0882011 9.1531899
156 7 523.812 2739.237 320.1500806 9.1552582
158 7 1595.917 2740.979 320.0897481 9.1560145
159 7 1376.385 2746.507 320.1021240 9.1561979
160 7 1169.003 2768.191 320.1137550 9.1572693
161 7 982.456 2780.181 320.1242975 9.1578194
162 7 238.295 2828.832 320.1660661 9.1600081
163 7 1098.960 2828.791 320.1177657 9.1605810
164 7 1224.289 2830.775 320.1106611 9.1607701
168 7 626.170 2858.959 320.1442937 9.1619447
170 7 390.592 2884.781 320.1575290 9.1632109
171 7 689.012 2895.950 320.1407986 9.1640360
172 7 466.351 2908.976 320.1532891 9.1646032
173 7 1147.929 2953.424 320.1149583 9.1675138
174 7 1360.516 2956.853 320.1030407 9.1678289
177 7 784.935 3008.831 320.1354128 9.1703442
178 7 552.492 3028.556 320.1484190 9.1712724
180 7 308.190 3064.373 320.1621127 9.1730658
181 7 1041.375 3078.035 320.1209743 9.1743320
183 7 850.021 3167.372 320.1317459 9.1791449
185 7 1966.262 3184.412 320.0688924 9.1807549
186 7 758.313 3204.562 320.1368452 9.1811273
187 7 1870.759 3211.135 320.0742782 9.1821815
189 7 208.793 3247.610 320.1676704 9.1830925
188 7 656.316 3247.727 320.1426321 9.1834363
190 7 1111.949 3257.044 320.1170209 9.1842671
191 7 1882.815 3256.053 320.0735907 9.1846739
193 7 1373.570 3308.974 320.1022959 9.1872923
194 7 2012.894 3321.703 320.0662568 9.1883580
195 7 997.133 3333.789 320.1234380 9.1884153
196 7 57.816 3404.753 320.1760928 9.1916296
197 7 1124.339 3461.228 320.1163334 9.1955257
199 7 180.692 3501.477 320.1691601 9.1970441
200 7 1210.257 3530.432 320.1114632 9.1993932
202 7 490.155 3550.204 320.1519140 9.1999604
203 7 479.658 3567.982 320.1524870 9.2009459
204 7 1571.430 3579.892 320.0911805 9.2023439
205 7 1118.018 3596.808 320.1166771 9.2029856
208 7 1040.878 3608.559 320.1209743 9.2035815
206 7 1924.340 3601.033 320.0712989 9.2037133
209 7 1814.686 3627.410 320.0774868 9.2051056
211 7 118.463 3661.628 320.1726551 9.2057874
210 7 1103.925 3663.260 320.1174220 9.2066296
212 7 1463.085 3668.351 320.0972539 9.2071453
213 7 1941.698 3675.363 320.0703248 9.2078157
216 7 78.615 3713.382 320.1748323 9.2085892
215 7 826.165 3707.249 320.1330637 9.2088470
217 7 525.747 3740.595 320.1498514 9.2104513
218 7 695.174 3738.920 320.1403403 9.2104971
220 7 1257.823 3759.391 320.1088276 9.2120212
221 7 731.938 3795.507 320.1383349 9.2136312
222 7 223.151 3815.675 320.1668109 9.2143187
224 7 1809.957 3824.164 320.0777733 9.2159116
227 7 1010.863 3858.311 320.1226359 9.2172809
228 7 1955.405 3906.029 320.0695800 9.2205009
229 7 1284.130 3916.832 320.1073379 9.2206843
230 7 1975.900 3909.708 320.0683768 9.2207072
231 7 1652.247 3916.423 320.0865968 9.2209020
233 7 636.964 3943.427 320.1436061 9.2216698
232 7 1950.503 3930.847 320.0698665 9.2218646
234 7 535.071 3953.259 320.1493357 9.2221281
235 7 1892.222 3971.517 320.0731323 9.2240647
239 7 1611.093 4064.071 320.0889460 9.2289750
240 7 1193.428 4069.640 320.1124372 9.2289979
241 7 1333.062 4072.102 320.1045877 9.2292271
242 7 433.684 4124.550 320.1549507 9.2314215
243 7 888.753 4127.193 320.1295114 9.2319315
4 8 943.744 123.022 320.2418111 8.7738345
5 8 1576.247 135.653 320.2068607 8.7743158
6 8 890.892 155.093 320.2447905 8.7756107
7 8 1604.083 161.267 320.2053137 8.7757138
9 8 1029.872 218.461 320.2371701 8.7790255
10 8 1823.659 257.077 320.1932243 8.7808991
13 8 22.208 288.678 320.2927471 8.7832024
15 8 1708.230 381.704 320.1997560 8.7877631
16 8 589.805 405.079 320.2616354 8.7893903
18 8 1335.629 410.457 320.2204398 8.7894419
17 8 52.713 409.413 320.2912001 8.7897914
19 8 897.592 425.871 320.2446759 8.7904216
24 8 1843.543 503.193 320.1923076 8.7943922
22 8 43.075 496.330 320.2918303 8.7945527
23 8 168.547 501.912 320.2848975 8.7948220
25 8 1786.100 511.754 320.1955161 8.7948792
26 8 149.737 523.364 320.2859289 8.7959908
27 8 687.350 543.490 320.2564215 8.7969304
28 8 1606.116 573.328 320.2056002 8.7982998
29 8 28.721 596.871 320.2926898 8.8000645
30 8 116.375 599.363 320.2878769 8.8001734
31 8 1657.150 660.164 320.2027927 8.8030554
32 8 173.979 662.950 320.2847829 8.8036340
33 8 1210.130 672.170 320.2276018 8.8038288
34 8 261.880 714.557 320.2800274 8.8064415
35 8 850.983 725.971 320.2475407 8.8068942
36 8 184.046 774.898 320.2843246 8.8097647
37 8 1671.899 807.699 320.2021624 8.8111627
38 8 987.838 819.191 320.2400349 8.8119648
39 8 1564.875 833.812 320.2081212 8.8126123
40 8 1431.714 835.590 320.2155123 8.8127498
42 8 1253.237 851.743 320.2254245 8.8136837
43 8 1105.858 859.987 320.2335605 8.8141765
44 8 1325.520 863.367 320.2214138 8.8143025
45 8 958.139 869.401 320.2417538 8.8147265
46 8 1719.712 873.118 320.1995268 8.8147494
47 8 118.130 905.902 320.2881061 8.8169668
49 8 2018.821 918.692 320.1829110 8.8171845
50 8 1612.057 961.558 320.2056002 8.8196368
53 8 1841.834 1006.553 320.1928232 8.8220718
54 8 2000.437 1016.541 320.1839997 8.8225760
55 8 958.278 1021.787 320.2418684 8.8231031
58 8 961.603 1106.187 320.2417538 8.8277556
59 8 1626.227 1122.474 320.2049126 8.8285061
60 8 51.297 1122.274 320.2919449 8.8288614
61 8 588.960 1134.526 320.2623803 8.8294057
62 8 822.941 1176.512 320.2494887 8.8316517
63 8 983.475 1182.882 320.2406079 8.8319668
64 8 1550.659 1192.326 320.2092098 8.8323679
65 8 1181.548 1256.930 320.2297217 8.8360004
66 8 627.862 1270.404 320.2603176 8.8368312
69 8 868.704 1295.062 320.2470250 8.8381719
70 8 1259.264 1338.947 320.2254818 8.8405096
71 8 716.565 1339.877 320.2555048 8.8406700
72 8 1272.463 1412.225 320.2247943 8.8445432
74 8 1690.307 1435.154 320.2016468 8.8457407
75 8 176.195 1459.971 320.2853559 8.8473966
76 8 526.448 1479.214 320.2661045 8.8483878
77 8 1593.675 1483.578 320.2070326 8.8484336
80 8 844.391 1503.703 320.2485720 8.8496655
82 8 1961.017 1512.652 320.1865780 8.8499978
81 8 704.707 1513.962 320.2563069 8.8502671
83 8 1342.220 1517.653 320.2210127 8.8503473
84 8 1721.605 1559.416 320.1999852 8.8526047
86 8 1516.507 1594.390 320.2113870 8.8545700
87 8 1321.010 1598.534 320.2222732 8.8548221
88 8 638.271 1605.766 320.2600312 8.8553378
90 8 1705.970 1675.230 320.2009592 8.8590104
91 8 571.485 1676.972 320.2638127 8.8592797
92 8 1022.252 1700.557 320.2388890 8.8605058
94 8 693.774 1718.202 320.2570518 8.8615314
93 8 229.105 1725.207 320.2827203 8.8619841
96 8 1392.906 1756.522 320.2183771 8.8635425
97 8 1778.836 1801.060 320.1969485 8.8659719
98 8 604.182 1808.401 320.2620938 8.8665219
99 8 1240.277 1817.007 320.2269142 8.8669058
100 8 1867.307 1845.000 320.1920784 8.8684012
101 8 605.479 1851.538 320.2620365 8.8688997
103 8 1856.870 1928.964 320.1927086 8.8730536
102 8 50.634 1931.754 320.2926898 8.8733974
104 8 1623.976 1943.977 320.2057148 8.8738959
105 8 716.738 1949.639 320.2560205 8.8743027
106 8 676.581 2027.342 320.2582550 8.8786056
107 8 939.732 2045.339 320.2437592 8.8795681
108 8 1172.425 2047.203 320.2308676 8.8796598
109 8 504.024 2101.877 320.2678234 8.8827366
110 8 1933.202 2115.025 320.1885833 8.8833726
111 8 378.851 2156.846 320.2747562 8.8857847
112 8 1558.598 2168.057 320.2094963 8.8863233
113 8 1130.437 2177.246 320.2332740 8.8868562
114 8 258.269 2199.064 320.2814598 8.8881224
115 8 65.254 2203.385 320.2920595 8.8883860
117 8 1689.973 2218.080 320.2022197 8.8890964
119 8 1192.913 2255.680 320.2298936 8.8911992
120 8 1746.655 2262.587 320.1990685 8.8915601
121 8 679.091 2294.868 320.2583123 8.8933993
122 8 1623.312 2308.477 320.2059440 8.8941155
123 8 1464.734 2314.668 320.2147675 8.8944593
124 8 1761.957 2315.680 320.1982090 8.8945109
125 8 183.028 2330.271 320.2856997 8.8953818
127 8 565.147 2395.394 320.2646721 8.8989628
128 8 1706.381 2405.140 320.2014176 8.8994784
129 8 903.239 2411.136 320.2459937 8.8998222
131 8 874.104 2450.852 320.2476553 8.9020224
132 8 14.672 2460.683 320.2950389 8.9025953
133 8 1443.145 2476.916 320.2160853 8.9034662
134 8 1852.243 2494.041 320.1933389 8.9044288
137 8 624.274 2661.042 320.2616354 8.9136706
138 8 1511.394 2663.279 320.2124184 8.9138138
140 8 1655.832 2724.321 320.2043970 8.9172229
141 8 1176.649 2732.743 320.2310968 8.9176641
144 8 485.290 2891.282 320.2694277 8.9264189
145 8 387.909 2921.666 320.2748135 8.9281034
146 8 146.267 2972.921 320.2881634 8.9309223
148 8 249.895 3033.380 320.2824911 8.9342799
149 8 1742.687 3031.105 320.1997560 8.9343028
151 8 442.437 3082.226 320.2718914 8.9370014
152 8 1724.680 3111.908 320.2007873 8.9388062
153 8 1391.163 3129.104 320.2193512 8.9397058
155 8 301.824 3181.456 320.2797409 8.9424789
156 8 416.612 3194.400 320.2733811 8.9432123
158 8 381.991 3279.735 320.2753291 8.9479449
157 8 1913.847 3276.624 320.1903022 8.9480137
159 8 1829.104 3282.501 320.1950578 8.9483231
160 8 1801.169 3304.284 320.1966047 8.9495320
162 8 944.261 3340.887 320.2443321 8.9514170
163 8 103.418 3344.020 320.2906844 8.9514686
164 8 1738.887 3344.879 320.2000998 8.9517837
165 8 1751.336 3347.138 320.1994122 8.9519212
166 8 1473.763 3361.635 320.2148821 8.9526661
168 8 501.557 3374.317 320.2687974 8.9532047
167 8 1855.896 3371.954 320.1935681 8.9533135
169 8 1407.778 3405.137 320.2186063 8.9550782
171 8 1135.010 3421.549 320.2337897 8.9559434
172 8 216.143 3426.725 320.2845538 8.9560809
174 8 762.549 3440.773 320.2544162 8.9569404
173 8 1593.517 3442.939 320.2082358 8.9572154
179 8 999.386 3491.754 320.2412954 8.9598166
180 8 139.285 3511.219 320.2888509 8.9607505
181 8 1995.012 3522.543 320.1858331 8.9617417
185 8 959.874 3572.320 320.2435300 8.9642971
186 8 774.755 3573.893 320.2537859 8.9643430
187 8 923.429 3608.117 320.2455926 8.9662796
188 8 576.572 3612.607 320.2647867 8.9664515
192 8 315.816 3675.342 320.2791680 8.9698720
196 8 852.677 3710.436 320.2495460 8.9719519
200 8 451.549 3755.821 320.2717768 8.9743697
199 8 109.625 3766.648 320.2906271 8.9748854
201 8 717.648 3781.923 320.2570518 8.9758881
203 8 485.220 3788.738 320.2698860 8.9762089
204 8 251.563 3795.806 320.2827776 8.9765584
202 8 956.399 3793.556 320.2438165 8.9765928
205 8 337.007 3826.463 320.2780793 8.9782601
206 8 798.031 3858.807 320.2526400 8.9801853
210 8 394.019 3888.638 320.2749854 8.9817265
209 8 1284.858 3886.701 320.2256537 8.9818698
208 8 1731.671 3888.880 320.2007300 8.9821047
213 8 1756.555 3924.062 320.1993549 8.9840756
216 8 1754.319 3951.961 320.1994695 8.9856284
217 8 93.087 3960.243 320.2915438 8.9856398
219 8 1311.170 3987.030 320.2242213 8.9874618
223 8 308.047 4159.177 320.2797982 8.9967380
224 8 1247.933 4158.059 320.2277736 8.9969615
1 9 2020.832 17.242 320.0632775 8.7675377
2 9 1300.266 47.552 320.1037856 8.7691764
6 9 860.238 75.980 320.1284801 8.7707749
5 9 158.599 75.489 320.1676131 8.7708551
7 9 1553.741 140.469 320.0895762 8.7742700
8 9 1368.100 160.250 320.1000613 8.7753528
9 9 1673.036 179.997 320.0829299 8.7764415
10 9 1594.514 189.893 320.0873417 8.7769800
11 9 500.005 221.845 320.1487055 8.7788078
12 9 1148.993 307.613 320.1124372 8.7834487
13 9 1777.738 341.432 320.0771430 8.7853166
15 9 1499.312 392.007 320.0928421 8.7880840
16 9 1991.021 436.471 320.0651682 8.7905649
17 9 1719.240 446.608 320.0804662 8.7911035
18 9 1243.279 515.823 320.1072806 8.7948964
20 9 909.520 541.481 320.1260163 8.7963231
22 9 772.083 563.250 320.1337513 8.7975263
24 9 1556.852 578.881 320.0896908 8.7983743
27 9 1570.757 658.585 320.0890033 8.8027631
28 9 274.107 659.214 320.1616543 8.8028548
29 9 202.746 689.639 320.1656650 8.8045450
30 9 979.207 691.178 320.1222348 8.8045450
32 9 817.495 694.760 320.1312875 8.8047628
31 9 751.386 694.981 320.1350118 8.8047800
33 9 295.216 703.737 320.1605084 8.8053071
35 9 1528.236 706.985 320.0913524 8.8054274
34 9 1227.125 708.007 320.1083119 8.8054790
37 9 790.053 775.635 320.1328918 8.8092204
38 9 1851.029 786.461 320.0732469 8.8098449
39 9 92.153 795.621 320.1719676 8.8103949
40 9 1961.215 872.472 320.0671163 8.8146062
41 9 1510.271 889.768 320.0924983 8.8155172
42 9 1222.892 921.456 320.1086557 8.8172532
43 9 971.021 964.603 320.1228651 8.8196368
44 9 1358.049 992.621 320.1011500 8.8211895
45 9 86.517 999.822 320.1724259 8.8216478
46 9 875.845 1032.224 320.1282509 8.8233782
47 9 940.986 1065.966 320.1246412 8.8252403
48 9 1063.266 1102.710 320.1177657 8.8272571
49 9 1973.646 1138.257 320.0665433 8.8293083
50 9 801.555 1152.481 320.1324908 8.8300302
51 9 107.254 1160.192 320.1713946 8.8304886
53 9 336.745 1175.201 320.1585603 8.8312907
54 9 50.732 1186.881 320.1745459 8.8319725
55 9 1523.935 1201.393 320.0919253 8.8327460
57 9 776.208 1213.879 320.1339805 8.8334221
58 9 571.740 1228.112 320.1454396 8.8342185
60 9 629.427 1259.860 320.1422310 8.8359661
59 9 198.339 1261.551 320.1663526 8.8360864
61 9 1663.725 1278.339 320.0840758 8.8370260
62 9 268.163 1326.986 320.1625137 8.8396960
63 9 863.563 1371.712 320.1291676 8.8421483
64 9 1606.937 1521.138 320.0873990 8.8504791
65 9 153.318 1562.125 320.1691028 8.8527079
66 9 574.682 1592.442 320.1455542 8.8543809
67 9 201.758 1626.892 320.1664099 8.8562946
68 9 1698.066 1653.823 320.0823570 8.8578645
69 9 1329.996 1658.967 320.1030980 8.8580937
70 9 1923.939 1661.222 320.0695800 8.8583057
71 9 1494.516 1745.310 320.0938734 8.8629180
72 9 968.544 1753.809 320.1234953 8.8633534
73 9 440.783 1778.987 320.1531745 8.8647228
74 9 413.148 1785.860 320.1547215 8.8651067
75 9 306.681 1819.537 320.1606803 8.8669745
76 9 884.315 1923.456 320.1283655 8.8727671
77 9 1031.676 1930.038 320.1200576 8.8731396
78 9 1011.665 1956.248 320.1212035 8.8746063
79 9 452.130 1970.443 320.1526589 8.8753569
81 9 1202.000 2001.584 320.1104892 8.8771331
82 9 1982.542 2023.198 320.0664287 8.8784623
83 9 942.853 2069.065 320.1250996 8.8808688
84 9 1597.971 2082.434 320.0882011 8.8816938
85 9 1886.468 2089.475 320.0718718 8.8821293
87 9 314.363 2191.642 320.1605084 8.8876354
88 9 1275.235 2206.907 320.1064785 8.8885693
90 9 893.478 2225.655 320.1279644 8.8895777
91 9 298.610 2280.323 320.1614251 8.8925686
92 9 1127.047 2325.136 320.1149010 8.8951526
93 9 1540.999 2395.087 320.0915243 8.8991060
95 9 1794.863 2412.418 320.0772003 8.9001201
96 9 1014.584 2424.126 320.1212608 8.9006530
97 9 59.461 2496.546 320.1749469 8.9045777
98 9 568.496 2513.961 320.1464136 8.9055919
99 9 1535.742 2553.697 320.0919253 8.9079582
100 9 1679.677 2563.453 320.0837893 8.9085254
101 9 1105.178 2567.702 320.1162188 8.9086687
102 9 49.740 2594.969 320.1755772 8.9100610
103 9 1425.623 2623.585 320.0981706 8.9118429
106 9 95.043 2654.422 320.1730562 8.9133669
105 9 2029.929 2649.673 320.0640223 8.9134242
107 9 1779.193 2721.623 320.0782317 8.9173891
108 9 797.120 2775.071 320.1336940 8.9201851
111 9 1922.618 2886.230 320.0701530 8.9266366
112 9 332.603 2914.628 320.1598781 8.9278914
113 9 1447.205 2929.238 320.0970820 8.9289399
114 9 59.035 3026.483 320.1752907 8.9340965
116 9 1977.479 3066.205 320.0671736 8.9367149
118 9 770.082 3084.991 320.1353555 8.9374942
120 9 197.320 3092.421 320.1675558 8.9378150
122 9 295.044 3121.882 320.1621127 8.9394766
124 9 1579.258 3226.215 320.0897481 8.9455729
125 9 870.305 3232.786 320.1297406 8.9457734
126 9 657.611 3238.701 320.1417727 8.9460656
128 9 470.862 3280.388 320.1522578 8.9483632
129 9 122.388 3316.555 320.1718530 8.9502940
131 9 1894.691 3378.920 320.0719291 8.9542016
133 9 1378.253 3423.626 320.1012073 8.9565679
134 9 1253.221 3442.700 320.1082546 8.9576222
135 9 1327.550 3520.019 320.1040721 8.9619423
137 9 213.620 3561.280 320.1668682 8.9639763
138 9 242.563 3607.941 320.1652639 8.9666004
139 9 537.973 3663.111 320.1486482 8.9697460
140 9 451.323 3689.829 320.1535756 8.9712242
141 9 1907.541 3691.372 320.0712989 8.9717055
142 9 1818.946 3714.568 320.0763409 8.9729774
143 9 1850.873 3726.696 320.0745647 8.9736650
144 9 1704.890 3772.706 320.0828153 8.9761975
149 9 690.977 3804.894 320.1401111 8.9777158
151 9 1659.722 3862.531 320.0854509 8.9812223
152 9 1196.398 3889.299 320.1116351 8.9825745
154 9 289.112 3917.162 320.1627429 8.9838751
155 9 935.094 3921.391 320.1264174 8.9843048
156 9 1518.779 3941.152 320.0934150 8.9855825
157 9 142.532 3975.439 320.1709935 8.9870951
160 9 1305.902 4039.376 320.1055044 8.9910199
161 9 885.995 4068.659 320.1292249 8.9925382
162 9 550.332 4100.967 320.1481325 8.9942342
163 9 1362.674 4128.405 320.1022959 8.9960218
