1 0 1870.989 25.903 322.2153642 9.0064783
3 0 2016.672 42.055 322.2073428 9.0073893
4 0 469.256 49.396 322.2930000 9.0074523
6 0 570.350 53.915 322.2873850 9.0077159
5 0 1990.786 56.966 322.2087752 9.0082086
7 0 671.716 63.967 322.2817127 9.0083175
8 0 687.417 104.309 322.2808533 9.0105635
10 0 1535.634 114.942 322.2338708 9.0113141
13 0 899.154 133.540 322.2691077 9.0122193
12 0 1993.216 131.393 322.2086606 9.0123282
14 0 1390.467 134.628 322.2418922 9.0123798
16 0 1735.891 196.937 322.2228127 9.0159092
15 0 1662.157 198.032 322.2268807 9.0159436
18 0 1561.078 217.591 322.2324957 9.0170207
19 0 741.388 281.966 322.2779312 9.0204699
20 0 1149.028 289.945 322.2552994 9.0209627
21 0 1956.640 316.244 322.2107233 9.0225498
23 0 426.237 340.659 322.2955210 9.0236670
24 0 645.182 351.653 322.2833170 9.0242915
26 0 1298.172 448.348 322.2471061 9.0297977
27 0 1817.053 460.001 322.2184582 9.0305196
28 0 477.003 464.952 322.2927135 9.0306113
30 0 140.672 505.838 322.3115066 9.0328343
32 0 54.087 513.055 322.3163767 9.0332182
31 0 1428.006 510.905 322.2399441 9.0332870
34 0 1448.340 549.839 322.2387982 9.0354413
35 0 1428.895 554.987 322.2398868 9.0357392
36 0 587.214 564.071 322.2865829 9.0361460
37 0 1494.788 573.711 322.2362772 9.0367878
38 0 1284.531 581.571 322.2479082 9.0372060
40 0 1340.208 584.298 322.2448143 9.0373550
42 0 529.904 607.431 322.2898487 9.0385525
43 0 75.722 627.775 322.3152308 9.0396239
44 0 1162.837 653.786 322.2546691 9.0411995
45 0 1686.686 660.449 322.2256775 9.0416121
46 0 1296.781 675.375 322.2472780 9.0424027
47 0 824.352 693.007 322.2734622 9.0433596
48 0 1193.828 693.962 322.2529503 9.0434226
49 0 1137.385 728.095 322.2561015 9.0453248
50 0 31.235 765.437 322.3177518 9.0472901
53 0 1073.482 812.567 322.2597112 9.0500174
52 0 910.838 813.226 322.2687066 9.0500460
54 0 75.422 842.422 322.3152881 9.0515873
58 0 466.339 867.058 322.2934584 9.0530139
55 0 569.668 866.942 322.2877288 9.0530197
59 0 343.921 893.745 322.3003339 9.0544807
60 0 452.062 909.120 322.2942605 9.0553459
61 0 1242.985 910.017 322.2503720 9.0554261
63 0 1309.221 941.278 322.2467050 9.0571736
64 0 1848.590 962.365 322.2169112 9.0583482
65 0 1059.967 977.813 322.2605133 9.0592076
66 0 1892.072 990.993 322.2145048 9.0599353
67 0 1156.417 995.139 322.2551275 9.0601644
68 0 142.445 1019.396 322.3116211 9.0614593
70 0 138.712 1073.041 322.3118503 9.0644502
71 0 1053.410 1109.910 322.2609144 9.0665357
73 0 683.865 1184.218 322.2814836 9.0706553
74 0 1448.008 1224.279 322.2391420 9.0728726
75 0 684.204 1227.840 322.2815409 9.0730789
76 0 807.454 1235.407 322.2746654 9.0735086
77 0 239.451 1262.357 322.3063499 9.0749869
78 0 367.178 1266.232 322.2991880 9.0752103
79 0 1599.676 1272.315 322.2308341 9.0755254
80 0 1173.587 1343.197 322.2543827 9.0794846
81 0 108.807 1364.202 322.3136838 9.0806591
82 0 1463.225 1375.054 322.2383971 9.0812264
83 0 1759.412 1383.483 322.2220678 9.0816790
84 0 1478.528 1426.175 322.2375950 9.0840568
85 0 378.959 1442.379 322.2986150 9.0850079
88 0 1292.092 1475.675 322.2479082 9.0868242
90 0 1928.225 1485.305 322.2128432 9.0872940
89 0 881.963 1486.015 322.2706547 9.0874200
91 0 81.397 1488.999 322.3152881 9.0875977
92 0 258.009 1493.796 322.3053759 9.0878669
93 0 61.018 1515.802 322.3164340 9.0890873
95 0 923.052 1530.800 322.2684201 9.0899009
97 0 309.099 1541.867 322.3025684 9.0905427
98 0 1582.291 1566.234 322.2319227 9.0918146
100 0 172.297 1620.766 322.3102460 9.0949315
101 0 1577.664 1626.984 322.2322092 9.0951722
102 0 1367.736 1638.532 322.2438402 9.0958482
103 0 137.611 1646.637 322.3121941 9.0963639
104 0 1772.906 1684.700 322.2214949 9.0983406
105 0 1351.356 1687.060 322.2447570 9.0985240
106 0 1253.170 1701.478 322.2502001 9.0993376
108 0 908.986 1701.941 322.2692796 9.0993891
107 0 487.776 1701.660 322.2927135 9.0994120
110 0 1729.941 1726.994 322.2239013 9.1006840
109 0 1498.081 1727.141 322.2366783 9.1007298
111 0 1158.996 1741.763 322.2554140 9.1015606
112 0 746.764 1748.525 322.2783323 9.1019904
113 0 1317.184 1773.893 322.2467050 9.1033368
114 0 454.549 1833.154 322.2946616 9.1067115
115 0 830.039 1868.347 322.2737486 9.1086252
117 0 144.747 1892.652 322.3119649 9.1100290
116 0 1137.676 1897.232 322.2567318 9.1101951
119 0 1662.481 1970.530 322.2277974 9.1141485
118 0 646.183 1968.654 322.2840619 9.1142058
120 0 1019.985 1974.324 322.2633208 9.1144636
121 0 1877.876 2002.491 322.2159372 9.1158846
123 0 134.931 2014.176 322.3125379 9.1167784
124 0 1341.655 2056.747 322.2455591 9.1189786
125 0 454.155 2055.308 322.2947762 9.1190301
126 0 836.756 2080.400 322.2735195 9.1203708
127 0 1611.445 2098.273 322.2306622 9.1212188
128 0 269.507 2105.720 322.3050894 9.1218433
129 0 49.917 2138.307 322.3174080 9.1236653
130 0 774.809 2160.408 322.2770145 9.1248055
131 0 999.601 2199.200 322.2645813 9.1268968
132 0 682.829 2207.581 322.2821711 9.1274354
133 0 1008.286 2231.515 322.2641229 9.1287016
134 0 943.498 2233.879 322.2676753 9.1288449
135 0 493.670 2237.183 322.2927135 9.1290970
136 0 680.557 2255.918 322.2822857 9.1301054
137 0 1045.863 2273.335 322.2620603 9.1310049
138 0 1353.023 2283.296 322.2450434 9.1314862
140 0 1917.058 2314.508 322.2139891 9.1330733
141 0 772.192 2346.068 322.2773010 9.1350729
142 0 763.456 2362.058 322.2777593 9.1359610
143 0 1733.625 2376.862 322.2241305 9.1365626
147 0 1407.156 2460.765 322.2421787 9.1412781
146 0 1677.597 2462.317 322.2272818 9.1412895
148 0 1265.050 2466.761 322.2500855 9.1416448
149 0 1912.194 2470.218 322.2143902 9.1416620
150 0 861.033 2478.423 322.2724308 9.1423724
151 0 1361.962 2483.984 322.2446997 9.1425615
152 0 735.125 2493.162 322.2794209 9.1432147
153 0 189.752 2515.117 322.3098450 9.1445267
154 0 1338.385 2526.562 322.2460748 9.1449221
155 0 973.261 2539.783 322.2663002 9.1457357
156 0 349.284 2564.477 322.3009641 9.1472254
158 0 728.689 2608.388 322.2798793 9.1495802
160 0 331.951 2629.819 322.3019955 9.1508407
161 0 1883.358 2644.069 322.2161091 9.1512361
162 0 341.641 2647.876 322.3014225 9.1518262
164 0 1573.273 2673.461 322.2331832 9.1529492
165 0 311.823 2687.757 322.3031414 9.1540436
166 0 166.923 2688.010 322.3112201 9.1540779
169 0 814.095 2704.747 322.2751810 9.1548686
167 0 33.072 2702.194 322.3187258 9.1548973
168 0 128.463 2710.755 322.3133973 9.1553499
170 0 347.280 2718.102 322.3011933 9.1557166
171 0 1820.664 2732.250 322.2196041 9.1561062
172 0 1928.519 2781.733 322.2137027 9.1587991
175 0 1067.323 2806.452 322.2612582 9.1604149
176 0 881.415 2824.398 322.2715714 9.1614576
177 0 964.350 2838.049 322.2669877 9.1621853
179 0 973.628 2857.227 322.2664721 9.1632625
180 0 1842.978 2875.390 322.2185155 9.1639672
181 0 262.154 2879.898 322.3060635 9.1646662
182 0 129.421 2880.825 322.3134546 9.1647407
188 0 1832.844 2936.313 322.2191458 9.1673190
187 0 146.015 2932.580 322.3125379 9.1675940
190 0 18.073 2965.597 322.3197571 9.1694218
189 0 272.618 2969.901 322.3055478 9.1696280
191 0 461.201 3026.142 322.2950627 9.1726819
193 0 1230.384 3099.652 322.2524919 9.1764978
196 0 642.469 3131.749 322.2850932 9.1784401
197 0 706.218 3209.466 322.2815982 9.1827029
198 0 682.365 3223.924 322.2829160 9.1834993
199 0 465.044 3228.587 322.2950054 9.1838259
202 0 31.406 3244.992 322.3191842 9.1848343
204 0 276.508 3317.060 322.3056051 9.1887419
205 0 1058.339 3359.889 322.2622322 9.1908504
207 0 829.611 3369.370 322.2748946 9.1914520
209 0 107.073 3417.684 322.3151162 9.1943282
210 0 1304.094 3434.288 322.2486531 9.1948439
211 0 1556.635 3437.932 322.2347302 9.1949470
212 0 146.229 3450.602 322.3129389 9.1961216
213 0 509.239 3467.253 322.2927708 9.1969295
216 0 1307.081 3509.934 322.2485958 9.1989921
219 0 110.067 3540.778 322.3150589 9.2010891
220 0 904.833 3569.509 322.2708838 9.2024069
223 0 1343.687 3619.830 322.2466477 9.2049910
222 0 1269.695 3620.108 322.2507730 9.2050368
224 0 886.355 3637.602 322.2719725 9.2061426
225 0 1900.301 3670.970 322.2160518 9.2075693
226 0 169.569 3666.077 322.3117930 9.2079417
229 0 1164.282 3702.254 322.2566745 9.2095804
230 0 900.252 3706.833 322.2712849 9.2099299
231 0 1633.992 3753.570 322.2307768 9.2121931
234 0 1939.746 3803.903 322.2139891 9.2148172
233 0 511.940 3797.940 322.2928854 9.2150521
235 0 855.157 3809.853 322.2738632 9.2155907
237 0 1553.807 3824.317 322.2352459 9.2160949
236 0 56.308 3822.975 322.3182675 9.2165762
239 0 264.427 3871.894 322.3066937 9.2191946
241 0 1030.993 3915.122 322.2642375 9.2212802
240 0 89.802 3911.586 322.3164913 9.2214177
243 0 1335.785 3939.808 322.2473926 9.2224948
244 0 1710.653 3969.482 322.2267661 9.2239673
245 0 1274.727 3974.198 322.2507730 9.2244085
246 0 116.697 3995.061 322.3150589 9.2259784
247 0 319.925 3997.391 322.3037143 9.2260414
248 0 306.359 4039.651 322.3045165 9.2283447
250 0 1491.533 4052.628 322.2389128 9.2286026
249 0 1058.605 4053.829 322.2628051 9.2288547
251 0 1854.280 4093.453 322.2189739 9.2306652
252 0 1687.667 4118.539 322.2281412 9.2321205
253 0 1175.704 4137.569 322.2563880 9.2333753
0 1 22.515 29.719 322.4376146 9.0056532
2 1 1117.797 76.026 322.3756778 9.0085696
5 1 306.372 147.691 322.4215717 9.0123568
6 1 1965.402 159.695 322.3280077 9.0134512
7 1 1545.520 163.802 322.3516136 9.0135887
8 1 137.523 179.262 322.4311401 9.0140814
9 1 1360.630 194.401 322.3620414 9.0152445
11 1 1846.757 209.900 322.3347113 9.0162358
14 1 139.033 266.911 322.4310828 9.0189974
13 1 1758.148 260.311 322.3396961 9.0190261
15 1 1455.668 265.484 322.3567129 9.0192495
16 1 1418.630 268.155 322.3587756 9.0193928
18 1 1555.420 287.788 322.3510979 9.0205158
19 1 687.892 295.210 322.4000285 9.0207278
20 1 1857.057 360.051 322.3341957 9.0246181
21 1 1312.763 366.279 322.3647916 9.0248416
23 1 1635.332 373.096 322.3466289 9.0253114
22 1 1434.517 374.336 322.3579161 9.0253286
24 1 575.894 378.829 322.4063884 9.0253802
25 1 1197.366 393.341 322.3713233 9.0263313
27 1 1761.145 421.278 322.3395815 9.0280158
26 1 423.842 428.371 322.4149827 9.0281246
28 1 1863.594 442.482 322.3338519 9.0292304
30 1 297.710 471.286 322.4221447 9.0304852
31 1 223.490 480.350 322.4263846 9.0309780
32 1 1088.732 513.638 322.3774540 9.0330463
33 1 561.661 530.529 322.4072478 9.0338714
34 1 1870.960 526.133 322.3334508 9.0339001
35 1 521.579 538.255 322.4095396 9.0342897
38 1 1809.747 549.133 322.3368886 9.0351720
39 1 1998.773 551.704 322.3262889 9.0353496
40 1 653.373 567.564 322.4020912 9.0359627
41 1 1450.927 570.814 322.3570567 9.0363122
42 1 1296.148 605.127 322.3658230 9.0381915
46 1 818.876 709.260 322.3927520 9.0439268
47 1 1786.612 724.306 322.3382637 9.0449409
48 1 53.533 752.352 322.4361249 9.0461613
49 1 1531.946 763.280 322.3525876 9.0470838
50 1 1567.619 767.445 322.3505823 9.0473187
51 1 1727.212 777.413 322.3416441 9.0479031
53 1 293.551 786.704 322.4225458 9.0481438
52 1 898.934 785.984 322.3882829 9.0482412
54 1 1999.256 787.580 322.3263462 9.0485105
55 1 1759.761 818.282 322.3398107 9.0501950
56 1 27.042 830.830 322.4376146 9.0505502
57 1 385.677 841.495 322.4173319 9.0512320
59 1 1990.271 857.834 322.3269191 9.0524295
60 1 1420.301 870.937 322.3589475 9.0530827
61 1 1921.224 871.720 322.3307579 9.0531915
63 1 704.846 910.885 322.3992837 9.0551912
66 1 1710.900 952.440 322.3426182 9.0576721
67 1 1468.961 967.935 322.3562546 9.0585029
68 1 1574.357 980.962 322.3502958 9.0592477
69 1 478.458 1022.475 322.4121179 9.0613791
71 1 1015.973 1022.860 322.3817512 9.0614937
70 1 507.825 1027.524 322.4104564 9.0616770
72 1 1532.679 1069.069 322.3527022 9.0641580
73 1 656.844 1083.878 322.4020339 9.0648455
75 1 1118.872 1100.228 322.3760216 9.0658367
77 1 2029.992 1120.879 322.3247992 9.0670972
79 1 522.862 1130.827 322.4096542 9.0674525
78 1 1062.160 1130.433 322.3792302 9.0675155
80 1 1277.185 1148.341 322.3670835 9.0685525
81 1 30.641 1173.758 322.4375000 9.0697500
82 1 1464.550 1178.897 322.3565983 9.0702771
83 1 1503.063 1180.755 322.3543638 9.0703860
84 1 1702.833 1215.223 322.3431911 9.0723283
85 1 1794.270 1218.706 322.3380345 9.0725289
88 1 1779.798 1243.743 322.3388939 9.0739269
89 1 1656.162 1266.867 322.3458267 9.0752046
90 1 182.544 1280.469 322.4289629 9.0757432
92 1 559.882 1310.465 322.4076489 9.0774964
93 1 58.560 1320.124 322.4360103 9.0779261
95 1 1240.366 1443.718 322.3693180 9.0850308
96 1 333.747 1461.646 322.4204831 9.0858902
98 1 741.183 1526.958 322.3975075 9.0896145
99 1 1394.109 1555.465 322.3607236 9.0912646
100 1 783.641 1591.276 322.3951011 9.0932069
101 1 661.513 1596.406 322.4020339 9.0934762
102 1 1216.049 1596.803 322.3707504 9.0935564
103 1 1409.859 1598.605 322.3598642 9.0936710
104 1 1957.226 1630.092 322.3290964 9.0954472
105 1 480.324 1643.931 322.4122898 9.0961003
106 1 1957.141 1675.597 322.3291537 9.0979739
107 1 183.734 1679.511 322.4290775 9.0980369
108 1 1609.141 1682.445 322.3486915 9.0983578
109 1 845.125 1701.390 322.3917206 9.0993490
110 1 1518.099 1703.566 322.3537908 9.0995266
112 1 1300.127 1716.056 322.3660521 9.1001970
111 1 242.821 1722.533 322.4257543 9.1003689
113 1 1865.808 1768.612 322.3343103 9.1031477
115 1 956.427 1804.049 322.3854754 9.1050843
116 1 75.867 1815.708 322.4352081 9.1056114
117 1 1381.503 1816.229 322.3615258 9.1057891
118 1 46.443 1872.546 322.4369270 9.1087856
119 1 1235.089 1888.846 322.3698337 9.1098227
120 1 1179.230 1940.376 322.3729849 9.1126875
121 1 936.578 1997.268 322.3866786 9.1158387
123 1 241.655 2003.288 322.4259262 9.1160966
124 1 1383.111 2017.334 322.3615831 9.1169789
126 1 1051.738 2049.550 322.3802042 9.1187608
127 1 1763.500 2050.484 322.3402117 9.1188181
128 1 947.141 2057.152 322.3861057 9.1191734
129 1 1268.996 2065.764 322.3680002 9.1196661
130 1 1271.520 2107.660 322.3678856 9.1219980
131 1 1798.274 2120.398 322.3383210 9.1227028
132 1 1183.312 2127.081 322.3728703 9.1230752
133 1 95.841 2143.048 322.4342341 9.1238659
134 1 1584.979 2150.877 322.3502958 9.1244045
136 1 1870.375 2153.210 322.3342530 9.1245248
135 1 1165.924 2161.400 322.3738444 9.1249889
137 1 1906.141 2202.700 322.3323049 9.1272635
138 1 580.216 2211.658 322.4069040 9.1277333
139 1 1739.292 2250.445 322.3417014 9.1299278
140 1 391.764 2261.054 322.4175610 9.1304664
141 1 2006.168 2272.604 322.3267472 9.1311367
142 1 555.715 2292.169 322.4083364 9.1322024
145 1 1547.189 2408.686 322.3525303 9.1387055
146 1 276.420 2416.101 322.4241501 9.1390722
147 1 1898.070 2457.723 322.3329352 9.1414041
148 1 1594.887 2486.757 322.3499520 9.1430371
149 1 1072.497 2500.529 322.3792875 9.1438048
151 1 1194.506 2536.177 322.3724693 9.1457872
150 1 1389.218 2539.238 322.3615258 9.1459534
153 1 346.379 2549.136 322.4202539 9.1464691
154 1 1635.946 2564.410 322.3476602 9.1473342
156 1 858.707 2568.953 322.3913769 9.1475921
157 1 1615.992 2614.708 322.3488061 9.1501245
158 1 600.673 2649.597 322.4059873 9.1520554
159 1 1238.176 2670.244 322.3700628 9.1532128
161 1 1938.561 2703.456 322.3308152 9.1550004
164 1 1692.870 2756.174 322.3446235 9.1579397
162 1 1869.803 2756.576 322.3347113 9.1579397
166 1 1649.213 2795.306 322.3470872 9.1601112
167 1 466.380 2801.917 322.4136076 9.1604951
168 1 727.190 2840.323 322.3989399 9.1626322
169 1 168.185 2873.056 322.4304526 9.1644198
171 1 671.473 2917.281 322.4020912 9.1668950
173 1 1560.772 2927.806 322.3521293 9.1674393
174 1 905.858 2938.014 322.3889132 9.1680467
175 1 1975.929 2957.257 322.3288672 9.1690150
176 1 775.862 2978.854 322.3962470 9.1703041
177 1 596.960 2998.291 322.4063311 9.1713755
178 1 1168.239 2999.730 322.3741881 9.1714500
180 1 1559.190 3007.671 322.3523011 9.1718396
181 1 924.447 3018.576 322.3878818 9.1724985
182 1 1209.217 3021.675 322.3718963 9.1726590
183 1 958.878 3034.389 322.3859911 9.1733752
186 1 1096.318 3129.819 322.3783134 9.1786406
187 1 1173.238 3176.594 322.3740162 9.1812190
188 1 684.091 3201.193 322.4015182 9.1825883
189 1 352.978 3284.721 322.4202539 9.1872006
191 1 171.735 3294.933 322.4304526 9.1877621
192 1 1642.895 3298.395 322.3477748 9.1878767
193 1 57.266 3346.304 322.4369843 9.1905754
194 1 1856.214 3362.224 322.3359146 9.1913603
195 1 125.931 3370.798 322.4330882 9.1919390
197 1 1437.125 3387.012 322.3593485 9.1927870
198 1 90.349 3394.160 322.4350936 9.1932224
199 1 1724.311 3402.737 322.3433057 9.1936120
200 1 2021.887 3419.345 322.3266326 9.1944715
202 1 1348.243 3446.275 322.3643906 9.1960700
203 1 1607.881 3475.525 322.3498374 9.1976342
205 1 571.792 3521.864 322.4080499 9.2002813
206 1 609.648 3522.946 322.4059300 9.2003386
207 1 88.574 3555.555 322.4353227 9.2021205
208 1 1552.141 3567.626 322.3530460 9.2027106
209 1 1326.039 3580.329 322.3657084 9.2034383
211 1 1954.234 3587.899 322.3305860 9.2037305
210 1 288.202 3588.155 322.4240355 9.2039253
212 1 1719.602 3617.765 322.3437068 9.2054322
213 1 1819.640 3654.755 322.3381491 9.2074604
214 1 1109.746 3664.998 322.3779124 9.2081251
215 1 1863.077 3682.355 322.3357427 9.2089501
216 1 1712.776 3689.654 322.3441651 9.2093856
218 1 1612.094 3701.945 322.3497801 9.2100846
220 1 1914.813 3713.866 322.3328779 9.2106747
221 1 523.661 3722.655 322.4108574 9.2113336
222 1 1034.413 3748.044 322.3822095 9.2126973
224 1 1183.183 3794.199 322.3738444 9.2152125
226 1 596.262 3799.655 322.4068467 9.2155792
227 1 743.365 3828.335 322.3985961 9.2171205
228 1 1081.319 3849.332 322.3796312 9.2182550
229 1 817.696 3856.465 322.3944135 9.2186675
230 1 1014.623 3867.433 322.3833555 9.2192576
234 1 1717.176 3901.802 322.3440506 9.2210223
233 1 285.762 3900.200 322.4243792 9.2210854
236 1 1484.211 3917.170 322.3571140 9.2219104
237 1 49.325 3921.824 322.4376719 9.2222599
238 1 1743.577 3928.060 322.3426182 9.2224547
240 1 1810.695 3951.621 322.3388939 9.2237267
239 1 822.795 3955.800 322.3942417 9.2241220
241 1 212.046 3962.815 322.4285618 9.2245231
242 1 1445.080 4008.219 322.3593485 9.2269066
245 1 1279.209 4049.124 322.3686877 9.2291755
249 1 635.800 4084.250 322.4047841 9.2311751
250 1 2009.168 4094.570 322.3278931 9.2315017
251 1 1339.340 4102.042 322.3653646 9.2320632
253 1 78.010 4120.941 322.4361822 9.2331805
254 1 374.208 4129.512 322.4195091 9.2336618
255 1 1035.170 4149.139 322.3824387 9.2346931
256 1 278.993 4158.303 322.4248949 9.2352431
258 1 916.918 4162.448 322.3890277 9.2354322
1 2 539.051 74.221 322.5287722 9.0077961
2 2 1382.755 93.750 322.4808729 9.0091425
4 2 216.214 140.396 322.5471068 9.0114115
5 2 1180.198 178.939 322.4923893 9.0138637
6 2 522.777 183.316 322.5297462 9.0139038
7 2 1336.703 186.156 322.4835085 9.0143164
8 2 227.541 207.444 322.5464765 9.0151701
9 2 577.529 223.919 322.5266522 9.0161899
11 2 1276.969 233.102 322.4868889 9.0169405
12 2 1687.924 270.806 322.4636268 9.0191636
14 2 13.937 293.120 322.5586805 9.0198970
15 2 759.291 303.181 322.5163390 9.0206991
17 2 804.647 305.798 322.5137607 9.0208538
16 2 1174.813 305.608 322.4927904 9.0209684
18 2 1919.476 319.141 322.4505061 9.0219310
21 2 837.450 343.056 322.5119272 9.0229680
22 2 1422.401 344.696 322.4786956 9.0232373
23 2 89.427 356.904 322.5543834 9.0234951
25 2 861.613 368.497 322.5105521 9.0244004
27 2 1926.539 384.933 322.4501050 9.0256265
28 2 785.656 411.448 322.5149066 9.0267839
29 2 588.831 417.127 322.5260792 9.0270417
30 2 511.690 460.252 322.5304910 9.0294310
33 2 1075.509 486.604 322.4984627 9.0310868
36 2 843.706 496.823 322.5116407 9.0315910
35 2 1751.496 497.905 322.4600745 9.0319119
37 2 1572.410 520.603 322.4702732 9.0331323
38 2 72.746 530.399 322.5553574 9.0332240
40 2 1769.152 534.389 322.4591005 9.0339516
41 2 131.577 543.154 322.5520342 9.0339573
42 2 1952.436 571.551 322.4486727 9.0360945
44 2 848.937 578.717 322.5113542 9.0361747
43 2 1664.431 575.843 322.4650592 9.0362434
45 2 1838.205 591.576 322.4552044 9.0371946
46 2 1243.188 596.695 322.4889516 9.0373034
49 2 661.107 711.678 322.5220685 9.0435658
50 2 806.418 843.601 322.5138180 9.0510143
52 2 880.587 844.716 322.5096354 9.0510945
51 2 699.929 845.644 322.5198913 9.0511117
53 2 1515.754 858.438 322.4735963 9.0520399
54 2 1742.200 883.171 322.4607621 9.0534952
55 2 245.240 924.031 322.5457317 9.0553287
56 2 955.283 944.567 322.5054528 9.0567038
57 2 1502.437 954.058 322.4743412 9.0573913
58 2 1244.996 967.643 322.4890089 9.0580846
59 2 1580.709 978.451 322.4699294 9.0588638
62 2 717.592 987.003 322.5189173 9.0589956
61 2 973.967 986.193 322.5043641 9.0590472
63 2 955.723 993.460 322.5053955 9.0594425
64 2 1158.112 998.775 322.4939363 9.0598092
65 2 1124.910 999.150 322.4958271 9.0598149
66 2 189.513 1021.502 322.5488830 9.0607660
68 2 418.872 1022.672 322.5358768 9.0609150
69 2 1744.382 1034.006 322.4606475 9.0619234
71 2 278.268 1067.312 322.5438982 9.0633558
73 2 1097.122 1088.500 322.4974314 9.0648111
75 2 1763.541 1113.627 322.4596161 9.0664039
76 2 1563.554 1145.550 322.4709607 9.0681400
78 2 514.600 1161.978 322.5304910 9.0687473
77 2 1134.739 1164.154 322.4953114 9.0690567
79 2 1971.088 1170.718 322.4478705 9.0696469
82 2 273.198 1207.571 322.5441847 9.0712111
83 2 1287.837 1249.268 322.4866025 9.0738581
84 2 51.468 1285.382 322.5567898 9.0754739
85 2 1744.294 1290.446 322.4607621 9.0762875
88 2 1096.561 1316.763 322.4975460 9.0775766
91 2 625.460 1328.691 322.5242458 9.0780923
92 2 1708.616 1339.097 322.4627674 9.0790033
94 2 133.045 1351.101 322.5522061 9.0791637
93 2 1738.555 1350.879 322.4611058 9.0796679
97 2 1460.493 1359.358 322.4768622 9.0800690
95 2 1634.246 1360.437 322.4670073 9.0801836
98 2 1004.388 1366.901 322.5027599 9.0803669
99 2 253.496 1412.187 322.5453879 9.0826129
100 2 1835.159 1429.705 322.4556627 9.0840912
102 2 139.057 1453.385 322.5518623 9.0848761
101 2 411.249 1454.437 322.5364498 9.0850423
104 2 1654.726 1470.946 322.4659187 9.0863085
105 2 962.583 1476.452 322.5051663 9.0864632
108 2 100.615 1501.734 322.5540396 9.0875575
109 2 553.320 1511.384 322.5283711 9.0882795
110 2 678.747 1536.838 322.5212664 9.0897405
111 2 1576.635 1539.136 322.4703878 9.0901530
112 2 1093.346 1543.753 322.4977751 9.0902791
113 2 316.123 1592.749 322.5418356 9.0927314
114 2 22.008 1646.135 322.5585660 9.0955961
116 2 303.313 1725.040 322.5426377 9.1001111
115 2 993.858 1721.001 322.5034474 9.1001454
118 2 339.401 1732.081 322.5405751 9.1005236
120 2 1212.474 1783.942 322.4910715 9.1037207
121 2 205.629 1791.494 322.5481954 9.1037837
122 2 1972.658 1807.849 322.4479851 9.1052390
123 2 1871.186 1808.648 322.4537720 9.1052734
125 2 928.302 1837.500 322.5072289 9.1066199
124 2 1965.195 1833.039 322.4484435 9.1066485
126 2 1475.858 1847.733 322.4761746 9.1073590
127 2 1432.738 1851.038 322.4786383 9.1075251
129 2 226.869 1871.449 322.5469922 9.1082528
128 2 622.626 1870.088 322.5245896 9.1083330
130 2 1462.346 1870.506 322.4769195 9.1086137
132 2 766.986 1880.703 322.5163963 9.1089747
131 2 2000.754 1880.753 322.4464381 9.1093185
133 2 1674.524 1900.578 322.4649447 9.1103441
134 2 1750.116 1908.615 322.4606475 9.1108139
135 2 1277.691 1925.722 322.4874619 9.1116390
136 2 521.626 1970.806 322.5303191 9.1139021
138 2 304.152 2003.938 322.5426377 9.1156726
137 2 1263.507 2001.527 322.4882640 9.1158731
141 2 1132.323 2051.453 322.4957125 9.1186176
143 2 737.084 2084.560 322.5181151 9.1203307
144 2 1772.655 2090.148 322.4594443 9.1209438
146 2 709.200 2179.045 322.5197194 9.1255905
147 2 398.309 2185.594 322.5373665 9.1258311
148 2 152.886 2206.718 322.5512321 9.1269026
149 2 1189.277 2224.828 322.4925612 9.1282662
150 2 905.380 2243.765 322.5086613 9.1292574
151 2 982.814 2277.148 322.5042496 9.1311424
153 2 1349.599 2311.188 322.4835085 9.1331363
155 2 1541.128 2344.935 322.4726796 9.1350672
156 2 1355.697 2360.739 322.4831647 9.1359037
157 2 1691.822 2365.421 322.4641425 9.1362704
158 2 1364.191 2457.247 322.4827063 9.1412666
159 2 1109.466 2463.368 322.4971449 9.1415359
160 2 268.675 2498.317 322.5447577 9.1431688
161 2 394.755 2521.922 322.5376530 9.1445325
162 2 988.531 2522.739 322.5040204 9.1447960
163 2 735.336 2531.396 322.5183443 9.1451971
164 2 2019.925 2536.352 322.4456360 9.1458044
165 2 1795.417 2545.718 322.4583556 9.1462915
167 2 200.459 2580.483 322.5486538 9.1477067
168 2 1738.827 2584.822 322.4615642 9.1484515
169 2 1109.268 2610.468 322.4972022 9.1496948
170 2 1190.516 2612.760 322.4926185 9.1498552
173 2 290.288 2661.741 322.5435545 9.1522502
174 2 214.393 2667.541 322.5478516 9.1525424
172 2 1595.785 2665.857 322.4697002 9.1529206
176 2 848.884 2702.828 322.5119845 9.1547540
175 2 1888.084 2698.971 322.4531990 9.1548171
177 2 1705.179 2730.095 322.4635123 9.1565073
178 2 848.071 2749.996 322.5120418 9.1573782
179 2 283.587 2791.982 322.5440128 9.1594809
180 2 667.784 2825.304 322.5222977 9.1614806
181 2 1283.709 2860.684 322.4874046 9.1636463
182 2 788.132 2878.355 322.5154795 9.1644714
183 2 826.618 2898.599 322.5133023 9.1656059
184 2 379.217 2932.405 322.5386270 9.1673018
185 2 18.157 2962.325 322.5590243 9.1687972
188 2 61.130 3030.446 322.5566179 9.1725902
187 2 1891.894 3027.166 322.4530844 9.1729913
189 2 1167.352 3072.816 322.4940509 9.1753633
191 2 39.079 3089.593 322.5578784 9.1758503
190 2 1674.962 3082.638 322.4653457 9.1760222
193 2 1301.464 3106.981 322.4864879 9.1772885
192 2 1996.319 3106.020 322.4472403 9.1773801
194 2 663.808 3133.114 322.5225842 9.1785146
195 2 745.649 3175.533 322.5179432 9.1809038
196 2 1802.743 3199.569 322.4581837 9.1825253
197 2 1826.328 3203.751 322.4568659 9.1827545
199 2 663.290 3248.829 322.5226415 9.1849145
201 2 101.480 3258.465 322.5543834 9.1852182
200 2 796.130 3254.149 322.5151358 9.1852698
202 2 646.237 3276.829 322.5235582 9.1864615
203 2 197.444 3349.894 322.5489403 9.1903118
204 2 385.910 3388.407 322.5383405 9.1925177
205 2 1884.220 3408.259 322.4536574 9.1940418
207 2 413.356 3426.384 322.5367936 9.1946376
209 2 1131.375 3463.643 322.4962281 9.1969295
208 2 1560.036 3464.763 322.4719920 9.1971128
210 2 1476.509 3488.675 322.4767476 9.1984077
212 2 1053.158 3572.016 322.5006972 9.2028882
214 2 1389.030 3611.822 322.4817323 9.2051743
215 2 1427.256 3612.534 322.4795551 9.2052259
216 2 1557.349 3686.813 322.4722212 9.2093455
217 2 1802.188 3688.357 322.4584702 9.2094772
218 2 492.078 3717.212 322.5323818 9.2106862
221 2 115.489 3761.337 322.5536385 9.2129494
220 2 876.834 3755.764 322.5106667 9.2129551
222 2 692.436 3764.146 322.5210945 9.2133447
223 2 1968.739 3789.757 322.4491310 9.2150750
224 2 398.661 3807.158 322.5376530 9.2155907
225 2 1402.337 3846.337 322.4810448 9.2180773
228 2 292.041 3895.138 322.5437263 9.2203864
229 2 117.757 3903.890 322.5535812 9.2207817
230 2 674.919 3917.599 322.5221258 9.2217672
232 2 1014.593 3925.073 322.5029318 9.2223058
233 2 1070.703 3936.747 322.4998378 9.2229589
234 2 1427.492 3952.904 322.4796697 9.2239387
235 2 1004.707 3956.517 322.5035047 9.2240132
236 2 1810.955 3983.094 322.4580692 9.2256748
237 2 544.957 4000.827 322.5294597 9.2262935
238 2 1118.525 4087.159 322.4971449 9.2312324
239 2 1055.842 4088.696 322.5006972 9.2313069
240 2 1426.141 4146.791 322.4798416 9.2345728
241 2 1066.832 4154.213 322.5000670 9.2348936
242 2 1921.593 4160.273 322.4519385 9.2354093
1 3 540.867 38.994 322.2893331 8.7714567
2 3 422.726 44.539 322.2958648 8.7716630
5 3 443.844 49.294 322.2946616 8.7719323
0 3 1350.599 34.886 322.2445278 8.7719724
4 3 1486.473 47.273 322.2370220 8.7727745
6 3 388.008 72.711 322.2977556 8.7731756
7 3 1291.204 91.200 322.2477936 8.7749919
8 3 1147.191 97.880 322.2557578 8.7752211
9 3 1124.029 101.768 322.2570183 8.7754159
10 3 1843.470 108.685 322.2173696 8.7764644
12 3 288.044 182.602 322.3033133 8.7791000
11 3 1843.449 178.356 322.2173696 8.7802688
13 3 1553.225 183.583 322.2332978 8.7802860
14 3 28.303 226.034 322.3176945 8.7812600
15 3 899.846 237.880 322.2693369 8.7826581
17 3 122.421 260.113 322.3124806 8.7832081
16 3 609.960 255.991 322.2853797 8.7833972
18 3 1461.000 269.706 322.2383398 8.7849098
20 3 1366.398 287.827 322.2435538 8.7858093
23 3 524.477 304.856 322.2901352 8.7859984
24 3 1915.124 305.935 322.2133589 8.7873047
29 3 32.267 342.717 322.3174653 8.7876542
27 3 1303.251 327.157 322.2470488 8.7879121
28 3 1612.739 335.473 322.2299747 8.7886455
32 3 337.878 442.861 322.3004485 8.7934067
34 3 71.020 459.073 322.3152881 8.7940771
37 3 1294.229 546.237 322.2474499 8.7998926
39 3 201.119 597.813 322.3080115 8.8017948
40 3 1629.698 633.012 322.2289433 8.8049461
42 3 821.821 675.746 322.2735195 8.8065905
43 3 496.076 705.872 322.2915676 8.8079656
44 3 211.920 710.301 322.3073813 8.8079828
45 3 2013.028 713.177 322.2078585 8.8096902
49 3 193.383 751.530 322.3084126 8.8102345
50 3 805.397 753.502 322.2744362 8.8108419
48 3 1406.502 746.343 322.2412046 8.8109679
52 3 331.696 804.251 322.3006777 8.8132425
53 3 363.977 814.352 322.2989015 8.8138270
58 3 1462.138 887.229 322.2380534 8.8187487
59 3 71.690 935.277 322.3151162 8.8202555
60 3 1508.661 963.207 322.2354751 8.8229599
61 3 1668.266 972.338 322.2267088 8.8235959
62 3 915.596 993.185 322.2681909 8.8240944
64 3 1614.497 1020.973 322.2296309 8.8262200
68 3 1336.309 1099.703 322.2449289 8.8303167
70 3 1493.150 1184.787 322.2362772 8.8351238
72 3 1397.153 1198.127 322.2415484 8.8357884
79 3 361.022 1349.099 322.2989015 8.8432942
78 3 1396.804 1348.820 322.2415484 8.8440734
77 3 1966.571 1347.854 322.2102076 8.8444802
80 3 935.223 1371.958 322.2670450 8.8449729
81 3 691.371 1380.643 322.2805668 8.8452652
83 3 546.133 1423.004 322.2886455 8.8474997
82 3 819.128 1421.609 322.2734622 8.8476200
85 3 979.837 1450.208 322.2645813 8.8493274
84 3 1200.795 1451.246 322.2523200 8.8495566
87 3 870.280 1458.352 322.2705974 8.8496941
86 3 1240.729 1453.635 322.2501428 8.8497228
89 3 905.040 1484.291 322.2687066 8.8511494
88 3 1469.586 1476.293 322.2374804 8.8511552
90 3 870.617 1549.970 322.2705401 8.8547476
91 3 281.732 1567.624 322.3033133 8.8553091
92 3 1116.023 1573.442 322.2569610 8.8562373
93 3 389.349 1590.060 322.2972972 8.8566269
94 3 1604.986 1643.915 322.2299747 8.8604944
96 3 545.182 1703.111 322.2885882 8.8629753
97 3 1745.969 1704.256 322.2221824 8.8639207
98 3 767.188 1721.933 322.2762696 8.8641785
100 3 1935.715 1760.619 322.2117546 8.8672152
102 3 1661.699 1816.732 322.2268234 8.8700685
104 3 686.901 1852.967 322.2806814 8.8713634
103 3 1889.908 1843.426 322.2142756 8.8717014
105 3 1939.596 1859.124 322.2115254 8.8726067
106 3 852.926 1876.572 322.2715141 8.8727843
107 3 1308.624 1874.517 322.2463040 8.8730020
109 3 291.201 1921.254 322.3027403 8.8748985
108 3 510.935 1919.641 322.2904790 8.8749558
110 3 629.143 1968.040 322.2838900 8.8777003
112 3 380.518 2092.983 322.2976983 8.8844727
111 3 1518.738 2084.283 322.2346156 8.8847362
113 3 1439.377 2105.373 322.2390274 8.8858535
115 3 1212.584 2198.906 322.2515179 8.8908669
117 3 656.700 2226.073 322.2823430 8.8920071
119 3 115.808 2241.508 322.3124806 8.8925514
116 3 1813.369 2223.273 322.2184009 8.8926144
118 3 1660.908 2241.284 322.2268234 8.8935082
120 3 387.387 2279.488 322.2973545 8.8948260
122 3 111.132 2345.856 322.3127671 8.8983497
123 3 1702.682 2374.323 322.2244743 8.9008879
124 3 962.665 2420.357 322.2653262 8.9029735
125 3 1532.660 2483.296 322.2338135 8.9068123
126 3 1031.619 2524.902 322.2615446 8.9088119
127 3 1046.339 2538.139 322.2606852 8.9095510
130 3 63.321 2554.700 322.3154027 8.9099349
131 3 889.983 2552.719 322.2693369 8.9102729
128 3 984.904 2551.906 322.2641229 8.9102787
129 3 1446.787 2550.256 322.2385690 8.9104678
133 3 564.583 2625.636 322.2874423 8.9141519
135 3 708.066 2689.025 322.2794782 8.9177386
137 3 339.915 2706.570 322.2999901 8.9185235
136 3 1879.523 2705.154 322.2147340 8.9192970
138 3 1936.354 2728.143 322.2115827 8.9206034
139 3 516.092 2759.665 322.2901352 8.9215717
140 3 576.315 2771.694 322.2868121 8.9222764
141 3 255.418 2792.378 322.3046884 8.9232562
142 3 1533.303 2819.284 322.2337562 8.9254162
143 3 1978.583 2855.124 322.2092336 8.9276508
146 3 1258.534 2929.810 322.2489396 8.9314036
150 3 279.844 2981.358 322.3033706 8.9337929
151 3 679.799 2999.164 322.2810825 8.9349789
152 3 846.261 3080.333 322.2718006 8.9395511
153 3 1003.366 3085.319 322.2630916 8.9399063
155 3 635.781 3089.285 322.2834889 8.9399693
154 3 1573.787 3083.749 322.2315789 8.9401069
157 3 205.528 3108.257 322.3074958 8.9408173
160 3 670.643 3155.543 322.2815982 8.9436649
162 3 576.596 3166.658 322.2868121 8.9442493
163 3 1641.316 3191.323 322.2277974 8.9461000
165 3 1851.260 3249.312 322.2162237 8.9494174
166 3 1087.515 3256.411 322.2584507 8.9494518
167 3 502.954 3280.338 322.2909374 8.9505404
169 3 1547.227 3301.802 322.2330113 8.9521848
170 3 1836.192 3332.835 322.2170831 8.9540412
171 3 1260.871 3376.520 322.2488250 8.9562012
172 3 778.229 3398.266 322.2756394 8.9572039
173 3 447.395 3412.167 322.2940313 8.9578571
175 3 413.945 3419.326 322.2959221 8.9582467
174 3 1680.631 3425.903 322.2256775 8.9591291
176 3 1370.626 3452.227 322.2427516 8.9604583
177 3 1959.181 3490.745 322.2103222 8.9628418
178 3 1536.776 3518.756 322.2336416 8.9642169
179 3 855.153 3534.343 322.2713422 8.9648013
180 3 214.665 3571.145 322.3070375 8.9666176
182 3 676.537 3675.531 322.2813117 8.9726165
183 3 906.315 3676.385 322.2685347 8.9727311
184 3 1109.448 3679.979 322.2572475 8.9730061
186 3 49.569 3712.589 322.3163194 8.9744614
187 3 200.246 3731.276 322.3078969 8.9755500
188 3 677.836 3780.866 322.2812544 8.9784893
189 3 1958.274 3816.630 322.2104368 8.9808900
190 3 1370.866 3824.583 322.2428089 8.9811421
191 3 1804.306 3940.096 322.2189166 8.9876910
192 3 1522.309 3942.131 322.2345010 8.9877197
193 3 245.520 3983.655 322.3054332 8.9896391
194 3 1442.585 3997.281 322.2389128 8.9907506
195 3 1834.937 3995.428 322.2172550 8.9907735
197 3 1161.128 4003.293 322.2544973 8.9910027
198 3 508.689 4009.124 322.2907082 8.9911459
199 3 1974.019 4038.375 322.2096347 8.9931971
201 3 716.821 4137.739 322.2791917 8.9983767
2 4 1739.723 46.034 322.3403836 8.7711588
3 4 624.058 83.907 322.4028360 8.7724709
5 4 1137.533 94.100 322.3740735 8.7733590
7 4 900.587 119.305 322.3873089 8.7745851
8 4 1697.063 147.384 322.3427900 8.7766821
9 4 349.117 176.719 322.4183059 8.7774098
10 4 263.813 182.767 322.4231187 8.7776962
11 4 243.773 214.883 322.4242074 8.7794438
13 4 934.014 217.707 322.3854754 8.7799881
14 4 83.918 226.633 322.4332028 8.7800225
12 4 1809.280 218.532 322.3364875 8.7806584
15 4 676.804 245.178 322.3998566 8.7813460
16 4 498.661 253.484 322.4098834 8.7816955
17 4 622.925 274.361 322.4028933 8.7829102
18 4 1648.450 283.921 322.3454257 8.7841248
19 4 85.915 307.708 322.4330882 8.7844743
20 4 1374.357 348.334 322.3607236 8.7874652
21 4 1551.342 371.734 322.3508688 8.7888746
22 4 806.756 392.022 322.3925801 8.7895049
25 4 670.563 472.983 322.4002004 8.7938537
26 4 324.375 478.806 322.4196810 8.7939912
24 4 1876.431 466.398 322.3327060 8.7943177
28 4 1503.872 493.499 322.3535044 8.7955267
29 4 631.012 516.314 322.4024350 8.7962314
30 4 1250.631 527.710 322.3676564 8.7972398
31 4 277.883 561.827 322.4223166 8.7985576
32 4 855.743 562.682 322.3897726 8.7989014
36 4 165.759 624.374 322.4286191 8.8019381
38 4 866.330 637.949 322.3892569 8.8030725
37 4 567.514 643.891 322.4060446 8.8032215
39 4 1199.875 653.548 322.3704639 8.8041325
41 4 1263.786 692.645 322.3669116 8.8063269
42 4 845.286 701.147 322.3904028 8.8065217
43 4 590.142 706.444 322.4047268 8.8066764
45 4 1780.160 802.543 322.3379772 8.8127269
46 4 235.353 826.043 322.4247230 8.8130993
47 4 1740.311 825.734 322.3402117 8.8139645
48 4 357.223 854.263 322.4178475 8.8147150
50 4 457.086 873.649 322.4122325 8.8158438
52 4 62.521 880.375 322.4344633 8.8160214
49 4 1861.556 864.317 322.3334508 8.8161875
51 4 1173.958 880.337 322.3718963 8.8166115
55 4 319.385 904.457 322.4199675 8.8174710
56 4 348.645 907.194 322.4183632 8.8176314
57 4 479.772 910.113 322.4109147 8.8178663
54 4 1917.972 899.164 322.3302423 8.8181471
53 4 1874.248 902.578 322.3327633 8.8182903
58 4 1510.955 924.256 322.3530460 8.8192529
60 4 1160.659 949.536 322.3726412 8.8204217
62 4 1286.271 1009.363 322.3655938 8.8238022
63 4 447.612 1018.641 322.4127482 8.8238537
64 4 397.141 1031.713 322.4156130 8.8245413
65 4 1256.483 1043.713 322.3672553 8.8256815
66 4 2015.910 1059.525 322.3247419 8.8270623
67 4 579.494 1110.155 322.4053570 8.8289702
70 4 1070.309 1117.335 322.3777405 8.8296291
69 4 1330.848 1117.841 322.3630728 8.8298297
71 4 1533.150 1124.325 322.3517855 8.8303110
72 4 1064.856 1135.880 322.3780270 8.8306605
74 4 215.556 1157.393 322.4258689 8.8314053
75 4 449.033 1178.800 322.4126909 8.8327059
76 4 1351.304 1185.667 322.3619268 8.8335711
79 4 181.371 1277.638 322.4278170 8.8380573
80 4 394.051 1284.374 322.4157849 8.8385272
81 4 2003.094 1288.899 322.3254294 8.8397132
82 4 612.076 1329.708 322.4035236 8.8411341
84 4 1003.204 1344.804 322.3814647 8.8421769
83 4 1733.584 1338.682 322.3404982 8.8422800
85 4 541.377 1358.955 322.4075343 8.8428358
86 4 1599.957 1371.831 322.3480040 8.8440276
87 4 1081.061 1384.388 322.3771102 8.8444114
89 4 229.848 1402.214 322.4250668 8.8449844
90 4 708.321 1419.054 322.3980805 8.8461361
91 4 968.606 1426.647 322.3834128 8.8466918
92 4 866.314 1429.177 322.3891996 8.8467778
94 4 1430.955 1487.057 322.3574578 8.8503015
95 4 54.146 1510.142 322.4350363 8.8508801
96 4 807.555 1538.359 322.3925228 8.8527824
99 4 1136.247 1573.538 322.3740162 8.8549310
101 4 1619.469 1592.110 322.3468580 8.8562373
100 4 1370.533 1597.049 322.3608382 8.8563633
102 4 1460.940 1604.686 322.3557962 8.8568504
103 4 1734.805 1626.360 322.3403836 8.8582083
104 4 1048.259 1647.054 322.3789437 8.8589588
106 4 331.617 1661.933 322.4193372 8.8594287
108 4 395.583 1679.496 322.4157276 8.8604371
107 4 1682.815 1668.799 322.3433057 8.8605288
109 4 1188.436 1713.310 322.3710369 8.8627117
111 4 57.450 1726.275 322.4348644 8.8628893
110 4 914.783 1722.281 322.3864494 8.8630670
113 4 1692.210 1758.979 322.3427900 8.8655307
115 4 659.862 1785.180 322.4008307 8.8664359
114 4 1798.916 1783.836 322.3368313 8.8669803
116 4 1059.558 1797.452 322.3783134 8.8673183
118 4 168.110 1807.391 322.4285618 8.8674558
117 4 1308.494 1803.471 322.3642760 8.8677824
119 4 128.095 1826.200 322.4308537 8.8684757
121 4 976.105 1848.336 322.3830117 8.8701029
122 4 1399.016 1884.117 322.3592339 8.8723145
123 4 1375.724 1889.132 322.3605517 8.8725781
124 4 1902.297 1892.913 322.3309871 8.8730937
125 4 412.479 1911.433 322.4148108 8.8733401
126 4 1593.029 1912.730 322.3483477 8.8740104
128 4 292.569 1933.817 322.4215717 8.8745318
127 4 1651.681 1921.847 322.3450246 8.8745490
129 4 213.133 1945.895 322.4260981 8.8751736
134 4 1144.791 2037.942 322.3735579 8.8807255
135 4 777.173 2049.989 322.3942417 8.8812183
136 4 673.310 2075.273 322.4000858 8.8825819
137 4 2022.366 2089.018 322.3242835 8.8840487
138 4 1919.375 2162.155 322.3300704 8.8880536
139 4 1986.363 2171.346 322.3262889 8.8885980
140 4 1469.342 2194.681 322.3552805 8.8896178
142 4 1798.780 2207.582 322.3367740 8.8905002
144 4 1476.222 2244.845 322.3548795 8.8924196
146 4 633.793 2269.954 322.4023777 8.8934108
147 4 1518.710 2276.829 322.3524730 8.8942015
148 4 673.993 2294.444 322.4000858 8.8947916
149 4 1722.245 2292.192 322.3410712 8.8951755
150 4 1177.516 2343.366 322.3717244 8.8977481
151 4 431.420 2359.157 322.4137795 8.8982924
154 4 202.572 2384.862 322.4267857 8.8997305
155 4 168.114 2387.178 322.4286764 8.8997993
152 4 1849.612 2374.765 322.3339665 8.8998337
157 4 730.546 2408.782 322.3968773 8.9011916
158 4 1188.695 2413.889 322.3710942 8.9016786
161 4 41.301 2434.486 322.4358384 8.9023432
159 4 1738.408 2422.856 322.3401544 8.9024463
162 4 808.375 2441.987 322.3925228 8.9030766
163 4 1383.385 2505.878 322.3600934 8.9068982
166 4 89.831 2546.609 322.4331455 8.9086916
165 4 1390.595 2541.734 322.3596923 8.9088978
167 4 507.569 2547.862 322.4095396 8.9089036
168 4 1015.789 2545.251 322.3808344 8.9089265
169 4 326.279 2574.389 322.4197383 8.9102672
170 4 519.560 2591.859 322.4088521 8.9113215
171 4 1391.782 2614.590 322.3596350 8.9129601
172 4 749.430 2639.817 322.3958459 8.9140888
173 4 1240.259 2647.129 322.3681721 8.9147076
175 4 391.076 2665.625 322.4161286 8.9153837
176 4 891.049 2745.040 322.3878818 8.9200190
177 4 208.290 2775.144 322.4264992 8.9214342
178 4 361.770 2793.339 322.4177902 8.9225171
179 4 1013.188 2813.598 322.3810063 8.9239093
180 4 1227.463 2834.818 322.3689742 8.9251698
181 4 1627.148 2838.536 322.3464570 8.9255595
183 4 353.891 2860.916 322.4182486 8.9262814
182 4 1562.913 2853.460 322.3500666 8.9263444
185 4 16.611 2875.971 322.4373854 8.9270033
186 4 1481.759 2880.808 322.3546503 8.9278513
187 4 813.100 2942.112 322.3922936 8.9310083
188 4 1963.770 2964.605 322.3276067 8.9327329
189 4 120.886 2983.308 322.4314839 8.9330480
190 4 1304.870 3003.351 322.3646197 8.9346179
191 4 155.940 3011.249 322.4294786 8.9346237
192 4 1952.869 3046.852 322.3281796 8.9373223
193 4 1973.340 3056.322 322.3270337 8.9378551
194 4 1021.808 3072.911 322.3806053 8.9384510
195 4 1554.072 3084.915 322.3505823 8.9392703
196 4 1861.267 3086.997 322.3333362 8.9395167
197 4 312.575 3113.224 322.4206550 8.9403819
199 4 803.057 3131.244 322.3929239 8.9415679
200 4 137.677 3153.191 322.4305672 8.9425534
201 4 508.744 3174.351 322.4095396 8.9438712
202 4 1706.734 3170.795 322.3419879 8.9441290
203 4 536.242 3239.518 322.4080499 8.9474980
204 4 1006.827 3251.712 322.3814074 8.9484491
205 4 1048.503 3258.414 322.3790583 8.9487643
206 4 906.072 3335.554 322.3871370 8.9530328
207 4 1993.972 3339.709 322.3258878 8.9536688
208 4 1495.223 3410.458 322.3539627 8.9574331
209 4 1977.498 3414.055 322.3268618 8.9578113
210 4 1060.793 3432.971 322.3784280 8.9585389
211 4 1837.544 3454.755 322.3347113 8.9600458
212 4 1694.877 3518.014 322.3427328 8.9635122
214 4 250.354 3535.563 322.4242646 8.9640049
213 4 2001.345 3525.458 322.3255440 8.9640450
215 4 1172.763 3589.003 322.3721255 8.9673052
216 4 245.298 3614.906 322.4245511 8.9684568
218 4 345.425 3632.271 322.4188788 8.9694538
220 4 113.152 3635.080 322.4320569 8.9695282
219 4 1228.055 3628.615 322.3690315 8.9695340
221 4 446.753 3732.486 322.4132066 8.9750974
222 4 242.054 3743.401 322.4247803 8.9756474
223 4 1801.171 3750.555 322.3368313 8.9765355
224 4 1788.654 3759.826 322.3375188 8.9770454
226 4 558.338 3783.641 322.4069040 8.9779966
225 4 1559.233 3781.542 322.3504104 8.9781914
228 4 79.331 3806.057 322.4340049 8.9791024
230 4 920.592 3828.425 322.3864494 8.9806150
231 4 857.977 3843.528 322.3899445 8.9814400
234 4 625.922 3861.459 322.4031225 8.9823682
235 4 1299.232 3884.806 322.3650781 8.9838808
236 4 916.503 3930.525 322.3866786 8.9863331
237 4 1944.324 3941.473 322.3288099 8.9872441
239 4 1332.673 3974.878 322.3631873 8.9889401
238 4 1945.353 3972.942 322.3287526 8.9890088
240 4 369.048 3988.093 322.4176756 8.9893984
242 4 1387.507 3998.402 322.3600934 8.9902579
241 4 1422.329 3998.611 322.3582026 8.9902865
243 4 224.997 4008.462 322.4258116 8.9904928
245 4 874.061 4032.328 322.3890850 8.9920168
246 4 542.025 4067.214 322.4078781 8.9938732
247 4 199.264 4087.830 322.4273013 8.9949332
249 4 226.219 4103.509 322.4257543 8.9958098
250 4 345.676 4111.966 322.4190507 8.9963255
251 4 1937.131 4132.900 322.3292682 8.9979412
253 4 297.680 4154.104 322.4217436 8.9986803
252 4 1107.119 4152.124 322.3760216 8.9987835
2 5 1662.263 37.342 322.4641998 8.7690389
3 5 1431.790 41.659 322.4771487 8.7691878
4 5 984.113 58.144 322.5023588 8.7699441
6 5 26.740 151.743 322.5563314 8.7748429
7 5 913.711 160.240 322.5063695 8.7755362
8 5 38.511 260.429 322.5557012 8.7808762
9 5 1289.111 282.103 322.4852274 8.7823487
10 5 1607.713 284.179 322.4672938 8.7825721
12 5 174.869 327.974 322.5480808 8.7846061
13 5 1047.115 334.366 322.4988638 8.7851332
14 5 1148.133 347.429 322.4931915 8.7858895
15 5 1948.761 362.448 322.4480997 8.7869953
16 5 890.222 400.488 322.5077446 8.7887314
17 5 1370.070 430.596 322.4807010 8.7905534
18 5 1094.913 434.867 322.4962281 8.7906680
19 5 1939.383 442.239 322.4486154 8.7914129
22 5 1261.309 495.271 322.4868889 8.7940656
24 5 909.894 520.323 322.5067133 8.7953720
28 5 851.544 527.012 322.5099791 8.7956871
26 5 1543.286 525.447 322.4709607 8.7958304
31 5 1011.158 593.302 322.5010410 8.7993999
32 5 896.289 601.690 322.5074581 8.7998181
35 5 503.800 657.947 322.5296316 8.8028319
37 5 1749.357 672.168 322.4593870 8.8040007
38 5 987.353 713.739 322.5023588 8.8060118
39 5 1313.603 735.664 322.4839669 8.8073411
41 5 1397.529 749.820 322.4792686 8.8081547
42 5 1300.187 812.096 322.4847117 8.8115580
43 5 1273.916 817.924 322.4862014 8.8118674
44 5 1438.916 828.316 322.4769195 8.8124977
45 5 1360.283 892.378 322.4813885 8.8160099
46 5 1917.256 900.164 322.4499332 8.8166516
47 5 1327.188 920.306 322.4832220 8.8175455
48 5 1764.881 921.444 322.4585275 8.8177689
49 5 724.540 939.600 322.5172557 8.8184393
50 5 816.584 940.973 322.5120991 8.8185367
51 5 550.159 970.539 322.5271106 8.8201123
52 5 1217.671 981.107 322.4894099 8.8208743
53 5 946.790 1031.089 322.5047652 8.8235558
55 5 569.205 1091.398 322.5261365 8.8268102
56 5 211.405 1107.845 322.5463620 8.8276467
57 5 1043.199 1115.425 322.4993221 8.8282540
58 5 156.301 1155.112 322.5494559 8.8303167
60 5 583.536 1179.657 322.5253344 8.8317032
61 5 1453.514 1193.505 322.4761746 8.8327117
63 5 416.894 1251.526 322.5347882 8.8356395
64 5 1509.566 1262.582 322.4730234 8.8365619
65 5 661.032 1293.690 322.5209799 8.8380402
66 5 1283.092 1319.469 322.4858003 8.8396387
68 5 1416.717 1360.413 322.4782946 8.8419535
69 5 1291.738 1370.462 322.4853419 8.8424749
70 5 1552.230 1371.938 322.4706169 8.8426410
71 5 513.280 1471.241 322.5294024 8.8478549
72 5 1861.026 1479.329 322.4531990 8.8487144
74 5 243.563 1582.251 322.5447004 8.8539627
75 5 212.099 1590.297 322.5464765 8.8544038
76 5 534.187 1623.026 322.5282565 8.8562889
77 5 1981.299 1627.884 322.4463808 8.8569993
78 5 1986.016 1650.527 322.4461516 8.8582656
80 5 798.655 1667.917 322.5133596 8.8588500
81 5 948.037 1685.743 322.5048798 8.8598813
83 5 1362.970 1754.705 322.4814458 8.8638404
84 5 1924.311 1762.001 322.4496467 8.8644363
85 5 307.125 1817.951 322.5412053 8.8670891
86 5 1019.907 1828.672 322.5008691 8.8678569
87 5 394.235 1863.999 322.5362779 8.8696617
88 5 1217.296 1863.745 322.4896964 8.8698622
89 5 111.638 1872.867 322.5522634 8.8701029
90 5 1614.000 1876.657 322.4672365 8.8707102
91 5 1964.775 1895.763 322.4474121 8.8719077
92 5 697.323 1944.975 322.5192038 8.8742797
93 5 1865.899 1964.551 322.4529698 8.8756892
94 5 500.847 1982.750 322.5303191 8.8762965
95 5 1889.943 1987.933 322.4516520 8.8770013
96 5 1301.136 2003.810 322.4849982 8.8776888
97 5 1429.137 2079.758 322.4777216 8.8819631
98 5 1848.225 2097.687 322.4540012 8.8830976
99 5 1363.270 2101.792 322.4815031 8.8831720
100 5 361.017 2113.745 322.5382260 8.8835903
103 5 157.120 2137.373 322.5497997 8.8848565
104 5 1652.942 2158.133 322.4651165 8.8864035
105 5 105.112 2181.574 322.5527791 8.8873088
107 5 1018.715 2186.267 322.5010410 8.8877844
108 5 614.533 2217.125 322.5239593 8.8894058
109 5 1232.227 2268.448 322.4889516 8.8924310
111 5 744.119 2376.065 322.5166254 8.8982981
112 5 1844.795 2373.218 322.4542876 8.8984643
113 5 1791.889 2422.958 322.4572670 8.9012317
114 5 820.579 2486.412 322.5123283 8.9044861
115 5 1127.061 2602.642 322.4950249 8.9110579
116 5 88.476 2645.193 322.5539250 8.9131950
117 5 624.140 2651.435 322.5235009 8.9136591
118 5 25.323 2654.719 322.5574773 8.9137107
119 5 511.292 2664.647 322.5299754 8.9143696
121 5 268.711 2687.159 322.5436691 8.9155728
122 5 491.362 2688.664 322.5310640 8.9157046
123 5 1047.339 2704.996 322.4995513 8.9167646
125 5 1231.703 2724.462 322.4891235 8.9179047
126 5 918.539 2731.964 322.5068852 8.9182371
127 5 1895.288 2756.733 322.4514801 8.9199101
128 5 1373.002 2761.042 322.4811021 8.9199903
129 5 416.721 2772.990 322.5353039 8.9204028
130 5 855.617 2795.783 322.5104948 8.9217951
131 5 1231.137 2820.010 322.4891808 8.9232562
132 5 220.562 2834.844 322.5464765 8.9238177
133 5 944.744 2849.706 322.5053955 8.9248318
134 5 901.830 2864.234 322.5078592 8.9256282
135 5 373.512 2895.664 322.5378249 8.9272669
136 5 528.048 2895.302 322.5290586 8.9272726
137 5 1152.664 2913.832 322.4936498 8.9284873
138 5 176.625 2926.390 322.5489976 8.9289285
139 5 1350.539 2921.088 322.4824199 8.9289342
140 5 350.872 2947.606 322.5391427 8.9301546
141 5 1914.201 2964.079 322.4504488 8.9315125
143 5 1790.116 2995.614 322.4574962 8.9332428
144 5 1699.463 3013.386 322.4626528 8.9342054
146 5 182.950 3037.211 322.5487111 8.9351336
147 5 1748.769 3070.261 322.4598453 8.9374082
148 5 2007.781 3093.352 322.4451776 8.9387776
149 5 1404.163 3098.969 322.4794405 8.9389094
150 5 1674.228 3122.743 322.4640852 8.9403246
151 5 843.106 3203.708 322.5112969 8.9446218
152 5 1695.886 3232.569 322.4628820 8.9464724
153 5 498.044 3266.296 322.5308921 8.9480366
154 5 1036.400 3274.696 322.5003534 8.9486497
156 5 1272.832 3275.720 322.4868889 8.9487814
155 5 1491.015 3281.764 322.4745130 8.9491711
158 5 901.932 3337.716 322.5079738 8.9521447
160 5 336.950 3352.948 322.5400594 8.9528494
159 5 1742.684 3353.833 322.4603037 8.9532677
161 5 1818.707 3369.965 322.4560065 8.9542074
162 5 1871.512 3384.295 322.4529698 8.9550324
165 5 1916.017 3431.606 322.4504488 8.9577081
166 5 463.813 3457.168 322.5328974 8.9587165
167 5 21.301 3459.816 322.5579930 8.9587624
168 5 34.494 3477.339 322.5572482 8.9597421
170 5 238.494 3518.621 322.5456744 8.9621027
171 5 1439.544 3516.981 322.4774924 8.9623376
172 5 1154.255 3542.992 322.4937071 8.9637185
174 5 1997.803 3634.795 322.4458652 8.9691043
175 5 730.072 3666.806 322.5178287 8.9705424
176 5 1120.495 3688.145 322.4957125 8.9718487
177 5 983.640 3691.269 322.5034474 8.9719805
179 5 1079.336 3703.928 322.4980616 8.9727253
180 5 287.526 3708.651 322.5429815 8.9727712
181 5 724.517 3719.670 322.5181724 8.9735046
182 5 43.598 3746.679 322.5568471 8.9748396
184 5 86.309 3769.570 322.5543834 8.9761287
188 5 539.146 3771.542 322.5287149 8.9763636
187 5 1314.667 3772.629 322.4846544 8.9766386
189 5 863.905 3776.357 322.5102656 8.9767246
190 5 112.883 3803.126 322.5528937 8.9780137
191 5 1934.131 3813.833 322.4495321 8.9791253
193 5 1129.544 3841.640 322.4951968 8.9804545
194 5 1462.099 3847.873 322.4763465 8.9808957
195 5 548.354 3860.722 322.5281992 8.9813713
196 5 1572.073 3866.059 322.4701013 8.9819500
197 5 417.618 3926.084 322.5356476 8.9849981
198 5 605.798 3937.072 322.5249906 8.9856627
199 5 1753.473 3946.361 322.4597880 8.9865050
200 5 931.448 4022.578 322.5064841 8.9905501
201 5 1730.159 4044.959 322.4611631 8.9920226
202 5 1401.842 4060.969 322.4798416 8.9928362
203 5 19.352 4076.482 322.5582795 8.9933232
204 5 320.318 4086.857 322.5412053 8.9939821
205 5 1016.097 4098.300 322.5017285 8.9948243
206 5 336.878 4117.719 322.5402886 8.9957181
207 5 1521.947 4122.989 322.4730234 8.9963427
208 5 1799.778 4131.635 322.4572670 8.9968984
209 5 1599.816 4140.792 322.4686116 8.9973625
210 5 210.548 4151.406 322.5474506 8.9975745
0 6 30.122 60.413 322.7953121 9.0053095
1 6 799.889 121.488 322.7529132 9.0089878
2 6 1524.043 129.612 322.7126343 9.0097270
3 6 218.609 143.487 322.7849416 9.0099848
4 6 363.896 147.330 322.7769775 9.0102541
8 6 403.364 182.451 322.7748002 9.0122193
12 6 1279.722 256.651 322.7263280 9.0167056
14 6 847.281 287.646 322.7503349 9.0182468
16 6 1106.094 301.367 322.7359537 9.0191177
15 6 508.948 306.868 322.7690134 9.0191636
17 6 194.176 357.240 322.7863740 9.0218278
18 6 328.264 357.479 322.7789828 9.0219023
19 6 736.239 367.753 322.7564656 9.0226414
20 6 1635.159 378.783 322.7065037 9.0236498
21 6 1744.239 379.536 322.7004303 9.0237415
22 6 691.136 443.618 322.7589866 9.0268469
25 6 29.790 474.788 322.7954267 9.0282679
28 6 464.933 534.708 322.7714771 9.0318145
27 6 1879.413 533.753 322.6929246 9.0323989
32 6 231.123 579.432 322.7843686 9.0341636
31 6 1047.321 580.467 322.7392768 9.0346162
35 6 401.186 600.724 322.7750294 9.0354241
33 6 1537.742 592.782 322.7120041 9.0355330
34 6 1157.943 599.784 322.7331462 9.0357392
36 6 648.654 608.282 322.7613930 9.0359627
37 6 233.532 621.489 322.7842540 9.0364955
39 6 33.045 710.554 322.7953121 9.0413313
40 6 2034.989 709.366 322.6842729 9.0422538
43 6 1814.100 744.814 322.6966488 9.0441388
45 6 929.351 797.064 322.7458659 9.0465968
48 6 1365.404 832.227 322.7216297 9.0487855
49 6 871.678 837.030 322.7490744 9.0487855
51 6 151.891 866.878 322.7888377 9.0500403
50 6 1581.143 868.836 322.7096549 9.0509341
53 6 227.772 936.718 322.7846551 9.0539650
54 6 2027.618 942.368 322.6847313 9.0552485
55 6 1486.784 948.617 322.7149261 9.0553229
56 6 703.209 968.649 322.7584136 9.0559990
59 6 244.732 991.010 322.7836811 9.0569845
61 6 991.456 1045.020 322.7424854 9.0603993
63 6 160.408 1055.809 322.7883793 9.0605197
62 6 854.500 1050.779 322.7500485 9.0606515
65 6 664.806 1073.341 322.7605909 9.0617916
67 6 539.107 1087.545 322.7675237 9.0625021
66 6 769.191 1086.136 322.7548040 9.0625594
69 6 153.873 1103.466 322.7887231 9.0631553
71 6 60.286 1104.519 322.7938797 9.0631610
68 6 1228.313 1093.337 322.7293074 9.0632240
72 6 1182.885 1108.525 322.7318284 9.0640491
73 6 1496.364 1108.272 322.7144105 9.0642152
74 6 1918.236 1124.034 322.6908619 9.0653153
75 6 1668.147 1128.786 322.7048421 9.0654471
77 6 1188.956 1147.961 322.7315419 9.0662378
78 6 517.864 1176.858 322.7686696 9.0674410
79 6 1211.796 1173.980 322.7302814 9.0677619
80 6 47.297 1192.036 322.7946246 9.0679968
81 6 839.052 1232.129 322.7509652 9.0707069
82 6 541.376 1245.544 322.7674091 9.0712626
83 6 1432.081 1252.567 322.7180201 9.0722080
84 6 1542.319 1252.781 322.7118895 9.0722768
85 6 971.104 1281.330 322.7436313 9.0735144
89 6 451.523 1321.017 322.7723365 9.0753879
86 6 1771.850 1307.666 322.6990552 9.0754567
88 6 1304.344 1315.865 322.7251248 9.0756343
87 6 1868.190 1312.012 322.6937267 9.0757546
90 6 1398.030 1323.713 322.7199109 9.0761328
91 6 1574.811 1322.736 322.7100560 9.0761901
92 6 611.231 1335.667 322.7635703 9.0763218
96 6 476.717 1390.862 322.7709614 9.0792726
95 6 800.859 1388.478 322.7530278 9.0793528
98 6 1116.382 1399.782 322.7355526 9.0801836
100 6 90.438 1411.925 322.7922181 9.0801836
99 6 1686.183 1404.583 322.7038681 9.0808024
101 6 517.821 1438.692 322.7687269 9.0819426
102 6 375.596 1475.280 322.7765191 9.0838849
103 6 1175.921 1498.976 322.7322868 9.0857241
105 6 1978.535 1547.258 322.6875388 9.0889040
107 6 755.700 1595.992 322.7555488 9.0908234
106 6 1431.815 1594.921 322.7180774 9.0912130
108 6 1485.480 1608.600 322.7150980 9.0920209
109 6 915.014 1627.797 322.7467253 9.0926970
110 6 489.856 1642.207 322.7702166 9.0932012
112 6 1457.613 1676.571 322.7165877 9.0957623
113 6 1134.812 1680.823 322.7345786 9.0957852
115 6 169.464 1694.288 322.7878637 9.0958482
116 6 1417.949 1720.141 322.7188223 9.0981515
119 6 275.541 1756.343 322.7820768 9.0993547
118 6 1369.512 1744.764 322.7215152 9.0994865
121 6 359.201 1758.685 322.7774358 9.0995438
120 6 859.686 1754.712 322.7498193 9.0996756
125 6 541.295 1784.756 322.7674091 9.1011252
124 6 1764.181 1789.242 322.6995136 9.1022195
126 6 835.421 1808.277 322.7511371 9.1026263
128 6 600.063 1854.981 322.7641432 9.1050442
129 6 1262.376 1884.982 322.7274739 9.1071985
131 6 272.328 1926.368 322.7822487 9.1087455
130 6 1617.569 1910.967 322.7077069 9.1088773
132 6 1534.283 1945.598 322.7123478 9.1107452
133 6 1087.711 1956.730 322.7371569 9.1110374
135 6 1312.849 1960.414 322.7246664 9.1114041
134 6 1998.787 1959.469 322.6864501 9.1118166
136 6 1545.806 1974.435 322.7117176 9.1123494
141 6 63.280 2063.527 322.7937078 9.1161653
139 6 1973.377 2051.457 322.6878825 9.1169102
142 6 930.645 2066.530 322.7458659 9.1169961
140 6 2034.472 2054.604 322.6844448 9.1171164
146 6 164.292 2179.431 322.7881501 9.1226455
145 6 1458.399 2175.633 322.7165877 9.1234591
147 6 315.838 2200.680 322.7797850 9.1239346
149 6 1407.097 2261.113 322.7193952 9.1281230
152 6 43.033 2298.778 322.7947965 9.1291256
150 6 1780.083 2278.996 322.6986541 9.1293892
151 6 1452.003 2292.259 322.7169315 9.1298819
154 6 464.911 2334.657 322.7715917 9.1314518
153 6 1429.929 2329.236 322.7181347 9.1319102
156 6 1135.943 2354.270 322.7344640 9.1330676
155 6 1804.933 2347.090 322.6972790 9.1331764
157 6 1106.462 2385.834 322.7360683 9.1347865
159 6 1528.248 2424.300 322.7126916 9.1372444
158 6 1947.690 2420.725 322.6892576 9.1373590
160 6 1587.272 2427.533 322.7093684 9.1374679
162 6 417.232 2454.081 322.7741700 9.1379950
161 6 1433.877 2445.516 322.7179055 9.1383445
166 6 1562.132 2507.628 322.7108008 9.1418739
167 6 1897.649 2508.488 322.6920651 9.1421776
168 6 885.515 2527.064 322.7483296 9.1424068
171 6 1687.735 2563.467 322.7037535 9.1450596
170 6 2005.629 2559.306 322.6860491 9.1450711
172 6 915.420 2588.966 322.7466680 9.1458445
174 6 43.872 2617.590 322.7947392 9.1466753
173 6 863.463 2618.808 322.7495328 9.1474488
175 6 1626.994 2621.031 322.7071339 9.1481937
176 6 936.867 2659.604 322.7454648 9.1497578
180 6 265.096 2726.435 322.7825352 9.1528575
179 6 962.160 2722.262 322.7440324 9.1532242
178 6 1580.450 2719.517 322.7097122 9.1535967
182 6 1399.827 2728.305 322.7197963 9.1539347
184 6 1607.986 2752.019 322.7081652 9.1554129
185 6 1900.667 2761.364 322.6918932 9.1561578
188 6 278.019 2787.055 322.7817903 9.1562036
189 6 335.909 2788.232 322.7786390 9.1563239
191 6 415.105 2801.534 322.7742273 9.1571261
190 6 1699.033 2801.244 322.7031232 9.1582032
194 6 1265.148 2811.768 322.7272447 9.1584267
192 6 2018.055 2804.174 322.6853042 9.1586158
197 6 1556.741 2903.370 322.7110300 9.1637208
199 6 577.777 2955.015 322.7652318 9.1657090
201 6 412.470 3010.819 322.7743419 9.1686253
202 6 912.032 3065.090 322.7467253 9.1720631
205 6 517.915 3073.529 322.7684977 9.1721662
204 6 1826.717 3074.477 322.6959612 9.1733694
208 6 124.819 3103.562 322.7901555 9.1734497
209 6 553.822 3109.002 322.7664923 9.1741487
207 6 1003.774 3104.858 322.7416833 9.1743320
210 6 1959.607 3129.137 322.6885701 9.1764921
212 6 1059.469 3144.722 322.7385893 9.1765723
216 6 12.111 3180.742 322.7963434 9.1775807
215 6 1079.205 3175.061 322.7375007 9.1782625
219 6 532.325 3246.507 322.7676956 9.1816773
221 6 1784.270 3301.626 322.6983104 9.1858427
222 6 1304.313 3317.304 322.7249529 9.1862782
224 6 1372.070 3354.293 322.7211714 9.1883695
226 6 1900.006 3432.368 322.6918359 9.1931308
227 6 660.779 3501.535 322.7605336 9.1958122
230 6 289.146 3523.282 322.7809882 9.1966201
228 6 1787.775 3501.588 322.6980239 9.1968378
231 6 1325.210 3550.700 322.7237497 9.1991124
233 6 402.896 3575.936 322.7747429 9.1996166
235 6 119.639 3585.104 322.7903274 9.1998286
232 6 1810.564 3570.016 322.6967634 9.2006136
234 6 996.936 3586.270 322.7419125 9.2007568
238 6 429.971 3599.663 322.7732532 9.2009402
239 6 1422.910 3600.557 322.7183066 9.2019314
237 6 1520.007 3599.625 322.7129208 9.2019772
236 6 1879.705 3597.915 322.6929246 9.2022064
241 6 253.084 3628.987 322.7829935 9.2023726
243 6 333.771 3639.891 322.7785245 9.2030487
240 6 1933.908 3620.693 322.6898879 9.2035013
242 6 1663.262 3631.282 322.7049567 9.2038451
244 6 674.129 3662.762 322.7597314 9.2046300
246 6 11.902 3694.202 322.7962288 9.2057014
247 6 1871.992 3702.227 322.6933256 9.2079303
249 6 667.918 3765.528 322.7600179 9.2102507
253 6 219.162 3773.927 322.7847697 9.2102679
254 6 261.558 3780.290 322.7824206 9.2106575
251 6 1425.904 3761.462 322.7180774 9.2107664
252 6 1119.560 3773.919 322.7350943 9.2111503
250 6 1818.554 3762.735 322.6963050 9.2111904
255 6 632.471 3933.844 322.7619660 9.2194238
257 6 89.503 3995.329 322.7918171 9.2222370
258 6 278.417 4002.116 322.7814465 9.2227985
259 6 1393.490 4004.029 322.7198536 9.2240017
261 6 271.498 4033.022 322.7817903 9.2244830
260 6 1573.625 4028.023 322.7098268 9.2254857
262 6 1791.769 4051.749 322.6976801 9.2269926
264 6 862.648 4081.195 322.7491890 9.2277030
266 6 1191.925 4122.131 322.7309690 9.2302641
268 6 985.515 4132.576 322.7423708 9.2306308
271 6 721.973 4138.917 322.7569812 9.2307168
270 6 1480.962 4136.562 322.7149261 9.2313241
273 6 1713.078 4150.870 322.7020346 9.2323383
0 7 325.894 13.134 322.6608962 9.0035791
2 7 1403.897 79.845 322.6001054 9.0076758
3 7 1783.289 91.907 322.5786195 9.0084894
4 7 721.428 104.335 322.6386082 9.0088217
5 7 594.380 123.261 322.6457701 9.0098301
8 7 768.122 141.469 322.6360298 9.0109130
6 7 1426.108 142.140 322.5989022 9.0111823
9 7 1351.181 183.650 322.6030848 9.0134798
10 7 608.878 214.102 322.6449680 9.0149122
11 7 1318.955 215.671 322.6049182 9.0152445
12 7 503.260 221.450 322.6509268 9.0152847
13 7 858.545 236.199 322.6309305 9.0162415
14 7 1831.583 252.778 322.5759839 9.0175249
15 7 1474.257 273.548 322.5962093 9.0185620
17 7 1561.571 340.179 322.5912818 9.0223263
19 7 1184.016 418.041 322.6125959 9.0265433
20 7 664.535 427.115 322.6419313 9.0268527
21 7 949.990 429.429 322.6258312 9.0270819
23 7 274.749 451.270 322.6638183 9.0280502
22 7 1573.943 449.900 322.5905943 9.0284741
24 7 589.144 468.899 322.6461712 9.0291560
25 7 942.493 470.956 322.6262896 9.0294081
26 7 2017.987 499.947 322.5654414 9.0314535
27 7 393.249 516.294 322.6572293 9.0317285
28 7 1517.822 512.541 322.5938029 9.0319577
30 7 739.539 532.542 322.6377487 9.0327713
29 7 1871.887 529.021 322.5737493 9.0330120
31 7 906.694 558.167 322.6282949 9.0342725
34 7 478.687 623.564 322.6524164 9.0377503
35 7 939.242 634.968 322.6265187 9.0385754
36 7 1498.124 667.032 322.5949488 9.0405922
37 7 1058.774 684.395 322.6197578 9.0413943
38 7 1077.752 691.381 322.6186692 9.0417897
39 7 909.817 710.914 322.6281803 9.0428153
41 7 879.334 751.417 322.6298992 9.0450670
42 7 1940.749 753.230 322.5699105 9.0455941
43 7 1664.913 776.688 322.5855523 9.0467973
47 7 636.795 813.620 322.6435929 9.0484360
49 7 1894.841 843.450 322.5725461 9.0506247
50 7 284.167 880.632 322.6634172 9.0520227
51 7 1639.587 894.424 322.5869847 9.0533749
52 7 1283.042 900.480 322.6071528 9.0535697
55 7 1539.898 943.041 322.5926569 9.0560506
56 7 157.462 979.577 322.6705792 9.0574830
57 7 1941.718 982.160 322.5699105 9.0584055
59 7 1274.262 1002.473 322.6076684 9.0592592
60 7 1713.141 1019.707 322.5828594 9.0604108
61 7 1028.989 1055.069 322.6215340 9.0621068
63 7 307.878 1072.554 322.6620994 9.0627370
62 7 1274.635 1066.286 322.6076684 9.0628401
64 7 1687.071 1119.649 322.5843491 9.0659857
65 7 1265.487 1124.265 322.6081841 9.0660716
66 7 1949.201 1167.190 322.5695094 9.0687588
68 7 1220.703 1173.547 322.6107624 9.0687817
70 7 1984.950 1205.760 322.5675614 9.0709303
71 7 377.677 1230.683 322.6582606 9.0716236
72 7 424.055 1267.207 322.6556250 9.0736519
74 7 646.225 1273.849 322.6431345 9.0741331
76 7 1797.859 1285.790 322.5781611 9.0753364
77 7 1660.846 1316.997 322.5858960 9.0770151
79 7 731.302 1362.360 322.6383790 9.0791122
81 7 322.305 1368.553 322.6613546 9.0792439
80 7 400.082 1370.727 322.6570001 9.0794158
82 7 18.937 1418.857 322.6783714 9.0818910
83 7 519.101 1424.584 322.6502965 9.0824754
84 7 140.749 1435.468 322.6715532 9.0828822
85 7 787.455 1482.512 322.6352277 9.0858387
86 7 1595.876 1509.926 322.5895630 9.0877695
87 7 1923.766 1512.884 322.5710564 9.0880789
88 7 505.868 1527.554 322.6510413 9.0882050
90 7 677.086 1558.623 322.6414157 9.0900270
89 7 1301.847 1556.022 322.6062360 9.0902046
91 7 2019.359 1570.930 322.5656133 9.0913563
92 7 786.859 1650.416 322.6352850 9.0952065
93 7 511.767 1656.010 322.6507549 9.0953670
94 7 321.942 1672.608 322.6614119 9.0961806
95 7 228.291 1674.686 322.6666831 9.0962436
96 7 1261.707 1678.193 322.6085279 9.0969999
97 7 1720.866 1677.723 322.5825729 9.0971890
99 7 2011.627 1688.925 322.5660717 9.0979453
102 7 736.056 1753.837 322.6381498 9.1009418
104 7 1006.138 1806.913 322.6229664 9.1040415
106 7 1694.752 1805.003 322.5840626 9.1042593
103 7 1586.676 1807.867 322.5901932 9.1043853
108 7 567.088 1823.931 322.6476609 9.1047463
107 7 1929.182 1818.794 322.5707700 9.1051531
109 7 654.646 1841.153 322.6427335 9.1057547
111 7 108.825 1860.837 322.6733867 9.1065225
110 7 781.796 1857.860 322.6355715 9.1067516
112 7 655.984 1865.930 322.6426762 9.1071355
113 7 456.930 1885.635 322.6538488 9.1081095
114 7 289.933 1890.385 322.6632453 9.1082757
115 7 1025.943 1896.319 322.6218205 9.1090263
116 7 1299.365 1900.281 322.6064079 9.1093987
117 7 19.657 1917.630 322.6783714 9.1096336
118 7 781.191 1918.276 322.6356288 9.1101149
120 7 730.023 1966.941 322.6384936 9.1127963
119 7 1434.595 1961.516 322.5987876 9.1128651
121 7 1729.604 1975.167 322.5821145 9.1137818
122 7 736.219 1990.343 322.6381498 9.1141027
123 7 1555.314 2029.198 322.5919694 9.1167039
124 7 16.965 2113.036 322.6785433 9.1204682
125 7 1270.294 2130.190 322.6080695 9.1221814
126 7 687.885 2151.703 322.6409000 9.1230466
127 7 275.639 2175.081 322.6640475 9.1240779
130 7 913.845 2190.315 322.6281803 9.1253269
129 7 841.020 2200.934 322.6323056 9.1258712
131 7 715.537 2203.123 322.6393530 9.1259171
132 7 162.403 2227.823 322.6704073 9.1269369
133 7 14.675 2246.084 322.6786579 9.1278537
134 7 388.762 2258.325 322.6576877 9.1287876
135 7 1655.532 2265.186 322.5863544 9.1298877
136 7 640.085 2298.221 322.6435929 9.1311482
139 7 111.272 2344.779 322.6732721 9.1333884
138 7 920.651 2338.795 322.6278366 9.1335947
140 7 1801.773 2350.745 322.5781038 9.1347177
141 7 1683.822 2362.601 322.5848074 9.1353136
142 7 1582.130 2368.982 322.5905370 9.1356172
144 7 720.208 2425.468 322.6390665 9.1382643
143 7 1760.528 2415.972 322.5804529 9.1383101
145 7 1513.524 2436.774 322.5943758 9.1393529
146 7 844.846 2460.848 322.6320764 9.1402754
148 7 1343.785 2486.366 322.6040015 9.1420115
149 7 1539.216 2529.532 322.5929434 9.1445153
151 7 185.685 2561.906 322.6690895 9.1454607
153 7 276.043 2589.015 322.6639902 9.1470420
154 7 1592.694 2598.752 322.5899640 9.1483770
155 7 1438.449 2662.556 322.5986730 9.1518377
157 7 236.896 2685.656 322.6662247 9.1523533
156 7 904.487 2679.134 322.6287533 9.1524393
158 7 1518.074 2701.877 322.5942039 9.1540608
159 7 1965.225 2707.132 322.5688792 9.1545822
161 7 169.512 2731.001 322.6700062 9.1548171
162 7 1026.424 2768.270 322.6218778 9.1574584
163 7 453.530 2792.568 322.6540780 9.1584267
164 7 823.313 2788.838 322.6332797 9.1584668
165 7 603.961 2806.547 322.6455982 9.1592976
166 7 999.764 2811.228 322.6233675 9.1598133
168 7 549.122 2837.992 322.6486922 9.1610050
167 7 1482.657 2840.418 322.5961520 9.1617212
169 7 1785.132 2843.252 322.5791351 9.1620478
171 7 420.912 2859.193 322.6559115 9.1620822
172 7 1687.700 2861.006 322.5846355 9.1629645
173 7 894.877 2883.092 322.6292689 9.1637266
174 7 772.258 2899.186 322.6361444 9.1645344
176 7 1328.267 2918.972 322.6048609 9.1659783
177 7 893.698 2923.808 322.6293262 9.1659840
179 7 1187.307 2928.127 322.6128251 9.1663908
180 7 1399.344 2932.467 322.6008502 9.1667690
181 7 72.676 2967.723 322.6753920 9.1678117
184 7 779.847 2997.318 322.6357434 9.1699718
185 7 815.399 3026.699 322.6337380 9.1716162
186 7 1726.487 3032.425 322.5824583 9.1724814
189 7 648.628 3063.676 322.6431345 9.1735471
188 7 2029.289 3059.600 322.5653269 9.1741429
190 7 525.579 3077.978 322.6500100 9.1742461
193 7 743.376 3124.025 322.6378060 9.1769390
192 7 1389.699 3121.162 322.6014232 9.1771968
194 7 977.661 3137.077 322.6246280 9.1778213
195 7 1301.540 3163.806 322.6064079 9.1795001
198 7 1194.558 3216.682 322.6124240 9.1823591
199 7 1486.361 3222.661 322.5960374 9.1828633
200 7 1766.920 3230.282 322.5801665 9.1834420
202 7 1162.382 3255.919 322.6142575 9.1845077
203 7 674.078 3262.882 322.6416448 9.1845536
205 7 1047.426 3274.399 322.6207319 9.1854474
204 7 1926.078 3266.332 322.5712283 9.1855219
208 7 947.917 3326.123 322.6262896 9.1882320
207 7 1699.943 3320.596 322.5839480 9.1883981
209 7 652.238 3343.067 322.6429053 9.1889539
211 7 437.333 3358.768 322.6549375 9.1896529
212 7 977.750 3367.631 322.6246280 9.1905410
213 7 1838.580 3369.681 322.5761558 9.1911770
215 7 1906.328 3379.423 322.5723169 9.1917499
218 7 1466.786 3427.872 322.5971260 9.1941793
217 7 1527.304 3427.940 322.5936883 9.1942136
219 7 1716.628 3432.251 322.5830313 9.1945689
220 7 1063.955 3460.422 322.6197578 9.1957148
221 7 1094.229 3500.374 322.6180963 9.1979379
222 7 533.567 3512.047 322.6495517 9.1981671
225 7 119.822 3551.985 322.6726419 9.2000292
224 7 795.934 3553.647 322.6348266 9.2006594
227 7 482.337 3633.575 322.6523591 9.2048019
228 7 918.981 3641.167 322.6278938 9.2055582
229 7 1778.720 3691.738 322.5795362 9.2088928
231 7 1571.987 3700.823 322.5912245 9.2092710
230 7 1600.652 3700.744 322.5895630 9.2092824
233 7 1762.892 3739.509 322.5804529 9.2115055
235 7 304.791 3768.560 322.6622713 9.2120670
234 7 1716.662 3751.282 322.5830313 9.2121358
238 7 132.058 3802.368 322.6719543 9.2137859
240 7 180.527 3816.422 322.6692041 9.2145938
239 7 1628.056 3801.768 322.5880160 9.2148459
241 7 1961.214 3855.061 322.5692803 9.2179685
243 7 2004.921 3908.699 322.5668165 9.2209421
244 7 1308.924 3920.611 322.6060069 9.2211770
247 7 299.340 3945.566 322.6625578 9.2217729
246 7 1129.928 3943.920 322.6160336 9.2223287
248 7 1819.623 3981.099 322.5772444 9.2248153
249 7 701.591 4008.826 322.6400406 9.2255774
251 7 48.306 4026.744 322.6765380 9.2259956
252 7 368.282 4043.831 322.6586617 9.2272103
253 7 560.875 4054.688 322.6479474 9.2279609
255 7 539.625 4075.035 322.6490933 9.2290552
254 7 1662.953 4066.499 322.5860679 9.2294047
256 7 1787.188 4087.478 322.5790778 9.2306308
257 7 1839.228 4087.993 322.5761558 9.2306881
258 7 1029.783 4102.982 322.6216486 9.2309746
260 7 155.900 4154.236 322.6705219 9.2330716
259 7 1333.025 4146.408 322.6046318 9.2335644
261 7 995.795 4151.699 322.6235394 9.2336159
5 8 163.756 76.599 322.7848270 8.7718635
6 8 115.392 80.315 322.7875199 8.7720698
7 8 2018.822 103.744 322.6823248 8.7727459
8 8 230.757 103.314 322.7812174 8.7733017
9 8 1692.014 116.491 322.7004876 8.7735308
10 8 1365.974 154.249 322.7185931 8.7756966
11 8 1095.519 160.442 322.7335473 8.7761149
13 8 310.870 205.694 322.7769202 8.7788651
14 8 1333.882 244.025 322.7204838 8.7806126
15 8 996.497 269.138 322.7391623 8.7820794
16 8 1043.323 279.070 322.7365839 8.7826180
20 8 2015.044 320.293 322.6827259 8.7845947
19 8 1835.487 321.270 322.6926954 8.7846978
21 8 1881.779 324.299 322.6901171 8.7848582
18 8 1795.849 325.480 322.6949299 8.7849442
26 8 1654.551 447.871 322.7028367 8.7916936
24 8 733.750 444.770 322.7538300 8.7917910
27 8 441.576 472.598 322.7699874 8.7934182
28 8 74.169 480.373 322.7901555 8.7939854
29 8 734.960 491.764 322.7538300 8.7943693
30 8 1055.320 495.808 322.7361256 8.7944839
31 8 1292.946 500.027 322.7229475 8.7946443
32 8 1321.227 517.041 322.7214579 8.7955783
35 8 638.381 602.732 322.7592731 8.8004828
37 8 218.909 607.758 322.7823633 8.8008953
38 8 1609.717 616.320 322.7055296 8.8009469
36 8 176.255 608.691 322.7847124 8.8009583
39 8 1640.862 666.556 322.7038108 8.8036913
42 8 1211.354 723.171 322.7277031 8.8069056
43 8 1413.572 736.751 322.7164731 8.8076104
44 8 994.085 737.555 322.7397352 8.8077651
47 8 1848.846 777.446 322.6923516 8.8097418
48 8 1769.952 781.160 322.6967634 8.8099652
46 8 477.710 778.042 322.7682685 8.8101428
49 8 1397.295 790.347 322.7174472 8.8105496
51 8 790.236 795.533 322.7510798 8.8110137
52 8 1432.702 809.985 322.7154991 8.8116211
53 8 380.724 813.328 322.7735970 8.8121024
56 8 1516.669 851.533 322.7108581 8.8138843
55 8 1099.487 849.501 322.7340056 8.8138843
57 8 825.563 858.997 322.7491890 8.8144744
58 8 794.544 869.570 322.7509079 8.8150703
60 8 1828.194 889.624 322.6936121 8.8159183
61 8 1252.243 896.907 322.7255832 8.8164511
63 8 973.111 936.249 322.7411103 8.8186799
64 8 1610.822 948.475 322.7057015 8.8192070
65 8 1742.334 954.606 322.6984250 8.8195279
66 8 479.513 953.998 322.7683258 8.8197915
67 8 50.767 961.410 322.7918744 8.8203243
68 8 120.978 962.401 322.7880356 8.8203587
69 8 246.078 967.597 322.7812174 8.8206108
70 8 1226.267 1008.994 322.7271301 8.8226161
71 8 1848.373 1019.178 322.6925808 8.8230745
72 8 1438.434 1031.027 322.7153845 8.8237792
73 8 1904.144 1057.052 322.6894868 8.8251314
75 8 1314.971 1074.023 322.7222600 8.8261857
76 8 999.785 1082.983 322.7397352 8.8267472
77 8 123.548 1083.770 322.7880356 8.8270107
78 8 756.070 1088.103 322.7531997 8.8270852
79 8 184.317 1094.522 322.7847124 8.8275837
80 8 1655.721 1116.913 322.7033524 8.8284718
81 8 272.903 1122.604 322.7798423 8.8291077
82 8 646.862 1130.348 322.7592731 8.8294401
84 8 549.671 1195.277 322.7647162 8.8330268
85 8 473.493 1205.191 322.7688415 8.8336055
87 8 1208.611 1282.411 322.7283334 8.8376677
88 8 1880.889 1325.984 322.6909765 8.8399768
89 8 489.637 1337.336 322.7680966 8.8408591
90 8 154.703 1357.513 322.7865459 8.8420623
91 8 1522.807 1366.314 322.7109727 8.8422514
92 8 591.791 1379.131 322.7625389 8.8431280
93 8 772.741 1393.412 322.7525695 8.8438843
94 8 825.801 1398.110 322.7495901 8.8441307
95 8 211.835 1398.183 322.7834519 8.8442682
97 8 383.058 1455.713 322.7741127 8.8473908
99 8 1132.158 1476.134 322.7327451 8.8483706
100 8 1518.872 1505.572 322.7113165 8.8499348
102 8 792.354 1523.526 322.7515954 8.8510406
101 8 444.891 1528.179 322.7707322 8.8513729
104 8 1470.518 1566.368 322.7140094 8.8533038
105 8 398.929 1568.158 322.7733105 8.8535845
106 8 1205.728 1581.704 322.7287344 8.8541804
107 8 1074.795 1611.954 322.7360110 8.8558706
110 8 1643.361 1630.516 322.7044983 8.8568332
111 8 1521.509 1652.221 322.7112592 8.8580421
112 8 1010.452 1659.136 322.7396206 8.8584890
113 8 1750.202 1672.842 322.6985395 8.8591651
114 8 413.979 1723.166 322.7726230 8.8621158
115 8 1566.489 1740.667 322.7087955 8.8629180
116 8 1412.295 1751.389 322.7174472 8.8635253
117 8 239.672 1770.736 322.7822487 8.8647801
118 8 399.961 1805.457 322.7734824 8.8666651
119 8 1593.184 1813.444 322.7074204 8.8669459
120 8 1334.936 1827.096 322.7217443 8.8677251
121 8 1578.922 1834.932 322.7082225 8.8681376
123 8 68.110 1889.329 322.7917598 8.8713405
124 8 1319.529 1900.357 322.7226611 8.8717874
125 8 565.133 1910.910 322.7644297 8.8724520
126 8 623.351 1912.080 322.7612211 8.8725208
127 8 1816.017 1918.301 322.6950445 8.8727442
128 8 2015.486 1940.244 322.6839291 8.8739589
129 8 281.200 1962.922 322.7800714 8.8753684
130 8 888.251 1967.381 322.7466107 8.8755345
131 8 1043.942 1989.359 322.7380163 8.8767320
132 8 1863.639 2014.745 322.6924662 8.8780956
133 8 194.629 2017.968 322.7848843 8.8784165
135 8 1234.664 2025.509 322.7274739 8.8787202
134 8 791.180 2027.905 322.7520538 8.8788920
136 8 1439.654 2029.398 322.7161293 8.8789207
137 8 114.902 2049.441 322.7892961 8.8801640
138 8 1500.993 2067.025 322.7126916 8.8810005
139 8 1991.400 2086.418 322.6853615 8.8820662
140 8 586.013 2120.653 322.7634557 8.8840487
141 8 172.005 2172.372 322.7862594 8.8869421
142 8 678.023 2176.975 322.7584136 8.8871484
144 8 1061.828 2199.004 322.7371569 8.8883401
143 8 28.238 2199.737 322.7941662 8.8884662
145 8 1933.064 2222.004 322.6886847 8.8895949
148 8 1267.208 2317.227 322.7258696 8.8948890
150 8 1743.945 2347.877 322.6993417 8.8965850
151 8 1923.364 2374.688 322.6893722 8.8981033
153 8 1973.016 2381.609 322.6865647 8.8984643
152 8 1617.102 2383.863 322.7064464 8.8985846
154 8 581.330 2395.367 322.7639140 8.8992321
155 8 1087.386 2407.363 322.7358964 8.8998910
157 8 1214.348 2438.390 322.7288490 8.9016156
159 8 1413.919 2452.996 322.7177909 8.9024177
161 8 1174.375 2481.275 322.7311408 8.9039933
162 8 342.993 2494.728 322.7770921 8.9047382
163 8 1019.794 2514.793 322.7397352 8.9058554
164 8 1882.662 2522.114 322.6917213 8.9062680
165 8 296.451 2532.337 322.7796704 8.9068237
166 8 1612.915 2572.361 322.7067901 8.9090583
167 8 485.938 2600.921 322.7692998 8.9106167
169 8 1970.532 2660.209 322.6868512 8.9139513
171 8 1606.640 2694.145 322.7071912 8.9158192
172 8 1023.245 2697.637 322.7396206 8.9159911
173 8 1479.105 2702.704 322.7143532 8.9162890
174 8 621.116 2709.072 322.7619087 8.9166041
175 8 1932.255 2721.712 322.6890857 8.9173719
176 8 1186.342 2752.881 322.7306252 8.9190678
178 8 1550.561 2759.670 322.7103998 8.9194575
180 8 1187.509 2806.590 322.7305679 8.9220472
181 8 475.919 2816.182 322.7699874 8.9225342
182 8 1876.782 2821.563 322.6921797 8.9229239
183 8 43.903 2835.400 322.7937651 8.9235885
184 8 1879.537 2846.054 322.6920651 8.9242875
185 8 1018.167 2854.914 322.7400217 8.9247115
187 8 498.351 2906.602 322.7687842 8.9275476
186 8 1996.451 2905.882 322.6855907 8.9276336
189 8 1802.935 2974.189 322.6964196 8.9314151
190 8 1659.168 2980.858 322.7044410 8.9317646
191 8 223.760 2984.111 322.7839676 8.9318391
192 8 328.378 2987.861 322.7782380 8.9320396
193 8 1190.682 2990.103 322.7305106 8.9322459
194 8 204.622 3008.376 322.7850562 8.9331683
196 8 1736.359 3051.794 322.7002011 8.9357237
197 8 1859.248 3063.233 322.6933256 8.9363712
199 8 657.602 3098.571 322.7600752 8.9382046
200 8 1136.132 3119.067 322.7336046 8.9394021
201 8 283.191 3147.938 322.7807590 8.9409090
202 8 1758.567 3160.643 322.6989979 8.9417914
203 8 30.624 3183.831 322.7947392 8.9428742
205 8 1393.564 3197.608 322.7193379 8.9437967
206 8 553.328 3286.076 322.7659767 8.9485981
207 8 152.788 3310.565 322.7880356 8.9499044
208 8 2020.565 3314.366 322.6844448 8.9503972
210 8 1834.696 3348.375 322.6948153 8.9522650
211 8 1256.499 3379.634 322.7270728 8.9539094
212 8 1674.703 3384.291 322.7037535 8.9542360
214 8 1266.623 3412.274 322.7264999 8.9557314
215 8 1580.785 3451.984 322.7090247 8.9579946
218 8 1195.250 3543.540 322.7305106 8.9630194
219 8 381.855 3568.692 322.7755451 8.9642513
221 8 2027.303 3627.530 322.6841583 8.9678667
222 8 1013.080 3640.286 322.7407092 8.9683479
223 8 955.462 3657.490 322.7439178 8.9693048
224 8 1868.077 3658.475 322.6930964 8.9695569
226 8 1146.254 3699.880 322.7333181 8.9716940
227 8 682.364 3704.771 322.7590439 8.9718659
228 8 1330.115 3717.022 322.7231194 8.9727024
230 8 1421.407 3733.972 322.7180774 8.9736650
229 8 978.675 3740.788 322.7426573 8.9739343
231 8 786.587 3753.939 322.7533143 8.9746218
232 8 1762.933 3798.921 322.6990552 8.9773663
233 8 1949.392 3850.493 322.6886274 8.9802884
234 8 1824.800 3875.861 322.6956175 8.9816807
235 8 444.778 3924.014 322.7722792 8.9839782
237 8 440.147 3935.340 322.7725084 8.9846200
238 8 1767.696 3951.508 322.6988260 8.9858805
239 8 848.911 3986.932 322.7499339 8.9875879
240 8 1579.919 3984.674 322.7093112 8.9876681
241 8 1475.205 4002.244 322.7151553 8.9886307
242 8 1822.706 4034.345 322.6957321 8.9905157
243 8 1035.156 4045.594 322.7396206 8.9909053
244 8 828.730 4050.303 322.7510798 8.9911116
245 8 1821.682 4095.245 322.6958466 8.9939133
248 8 64.866 4107.902 322.7932495 8.9940795
247 8 796.537 4105.804 322.7529132 8.9941826
246 8 759.723 4107.257 322.7549186 8.9942514
0 9 1797.374 71.424 322.5759266 8.7707806
1 9 1234.496 87.942 322.6075538 8.7716802
2 9 1622.547 102.916 322.5857815 8.7724995
3 9 947.929 165.711 322.6236540 8.7759487
5 9 932.376 224.161 322.6245707 8.7791687
4 9 139.412 223.328 322.6689176 8.7792375
6 9 559.875 238.816 322.6454264 8.7800110
7 9 1672.786 266.279 322.5830313 8.7814606
8 9 460.762 292.788 322.6510413 8.7829904
9 9 1760.943 301.603 322.5781038 8.7834086
10 9 232.976 306.025 322.6637610 8.7837524
11 9 310.759 331.566 322.6594638 8.7851390
12 9 791.715 348.257 322.6325921 8.7859927
13 9 1962.532 372.885 322.5668165 8.7873563
14 9 1765.277 398.940 322.5779319 8.7887601
16 9 632.734 478.154 322.6415302 8.7931432
17 9 255.942 536.645 322.6626724 8.7964033
18 9 567.019 539.489 322.6452545 8.7965179
19 9 890.415 543.180 322.6271490 8.7966898
20 9 1864.448 554.517 322.5724315 8.7973487
21 9 637.481 602.731 322.6414157 8.7999900
23 9 784.672 611.301 322.6331651 8.8004484
24 9 134.537 637.780 322.6695479 8.8019839
25 9 23.146 640.560 322.6757358 8.8021558
27 9 1464.485 664.193 322.5950061 8.8033533
29 9 1222.605 700.723 322.6086425 8.8053586
30 9 139.718 761.170 322.6693187 8.8087735
31 9 314.439 839.800 322.6596357 8.8130821
32 9 402.840 840.308 322.6547083 8.8130993
33 9 477.245 898.079 322.6505830 8.8162850
34 9 1601.848 937.557 322.5874430 8.8184450
36 9 1081.626 960.618 322.6167212 8.8196998
39 9 132.537 1009.274 322.6699490 8.8224442
38 9 1690.407 1011.431 322.5824583 8.8225359
40 9 889.580 1028.381 322.6275501 8.8234412
41 9 1046.961 1051.391 322.6187265 8.8247132
42 9 157.522 1083.574 322.6685739 8.8265352
44 9 1504.854 1104.796 322.5930007 8.8277326
46 9 1541.100 1139.994 322.5909381 8.8296291
47 9 883.362 1143.187 322.6279511 8.8297896
49 9 1428.760 1157.684 322.5972979 8.8305974
50 9 1050.928 1165.378 322.6185546 8.8310157
51 9 1033.785 1171.821 322.6195287 8.8313652
52 9 618.416 1216.762 322.6429053 8.8338576
53 9 129.960 1304.428 322.6702927 8.8387392
55 9 402.144 1345.656 322.6551093 8.8410023
56 9 1355.705 1349.645 322.6015378 8.8412315
57 9 172.121 1361.028 322.6679436 8.8418675
58 9 1755.262 1366.449 322.5790205 8.8421998
59 9 165.054 1383.361 322.6684020 8.8430994
61 9 39.481 1463.647 322.6755066 8.8475570
62 9 1607.240 1470.302 322.5873857 8.8479924
63 9 1723.474 1480.685 322.5808540 8.8485253
64 9 1612.405 1488.396 322.5871565 8.8489435
65 9 1263.606 1500.382 322.6068090 8.8495795
69 9 2019.760 1587.751 322.5641809 8.8545299
70 9 769.747 1625.865 322.6346548 8.8565123
71 9 326.351 1628.201 322.6595211 8.8566441
72 9 155.926 1663.903 322.6690895 8.8586323
73 9 641.611 1667.283 322.6418740 8.8588099
74 9 1159.211 1695.177 322.6127678 8.8603855
75 9 838.833 1747.502 322.6308159 8.8632675
76 9 1194.907 1763.984 322.6108197 8.8642071
77 9 1608.639 1805.654 322.5875003 8.8665735
79 9 1095.303 1829.028 322.6164920 8.8678053
78 9 1459.913 1831.681 322.5959228 8.8679944
80 9 710.082 1838.912 322.6381498 8.8683382
81 9 1222.277 1856.741 322.6093300 8.8693638
82 9 1133.528 1861.966 322.6143147 8.8696445
84 9 1875.112 1880.347 322.5724888 8.8707847
83 9 1023.871 1884.708 322.6205027 8.8708993
85 9 1654.901 1899.243 322.5849220 8.8718046
86 9 1141.362 1922.943 322.6139137 8.8730307
87 9 717.789 1928.692 322.6377487 8.8733286
88 9 770.869 1945.367 322.6347693 8.8742568
89 9 920.205 2015.442 322.6264615 8.8781587
90 9 436.810 2046.443 322.6536197 8.8798546
91 9 856.797 2055.185 322.6300138 8.8803646
92 9 580.411 2062.478 322.6455409 8.8807484
93 9 1961.982 2065.440 322.5676760 8.8811094
95 9 999.029 2093.025 322.6220497 8.8824788
96 9 1925.635 2114.288 322.5697386 8.8838252
97 9 462.151 2124.990 322.6522446 8.8842148
98 9 1775.914 2145.517 322.5782184 8.8855384
99 9 1858.549 2154.060 322.5735774 8.8860311
101 9 917.936 2172.232 322.6266333 8.8868791
103 9 80.052 2221.613 322.6737305 8.8895777
106 9 1909.819 2292.906 322.5707127 8.8937775
105 9 989.833 2296.517 322.6226799 8.8938119
107 9 673.463 2376.102 322.6404989 8.8982122
108 9 1293.857 2378.710 322.6055485 8.8984356
109 9 310.759 2424.332 322.6608962 8.9008593
112 9 1075.460 2436.458 322.6178671 8.9016156
111 9 853.738 2439.184 322.6304149 8.9017359
113 9 194.770 2460.286 322.6674279 8.9028474
114 9 1854.186 2548.500 322.5739785 8.9080384
115 9 1082.970 2626.032 322.6175806 8.9121924
116 9 1247.161 2639.287 322.6083560 8.9129544
117 9 1769.339 2658.948 322.5788487 8.9141805
121 9 441.818 2696.682 322.6537342 8.9160426
122 9 1304.673 2711.149 322.6051474 8.9169823
124 9 459.380 2733.651 322.6527029 8.9181053
126 9 1496.042 2871.020 322.5943758 8.9259491
128 9 1009.551 2975.010 322.6218778 8.9316615
129 9 1730.568 3002.489 322.5811405 8.9333803
130 9 73.326 3064.755 322.6745326 8.9365087
131 9 170.252 3081.794 322.6691468 8.9374770
132 9 1811.800 3108.042 322.5765568 8.9392990
134 9 1714.204 3124.958 322.5821145 8.9402215
135 9 159.331 3180.912 322.6697771 8.9430003
136 9 1831.501 3277.613 322.5755255 8.9487986
138 9 17.718 3301.652 322.6777985 8.9497154
139 9 1257.757 3332.616 322.6080122 8.9517035
140 9 593.916 3352.013 322.6454837 8.9526374
141 9 1218.924 3383.457 322.6102467 8.9545397
142 9 1372.212 3487.024 322.6016524 8.9603724
143 9 297.013 3496.496 322.6622140 8.9606417
144 9 1195.859 3504.891 322.6116218 8.9613292
145 9 1226.764 3514.711 322.6098457 8.9618850
147 9 1363.698 3561.980 322.6021107 8.9645722
148 9 672.590 3671.919 322.6411865 8.9705424
150 9 1033.296 3708.402 322.6208465 8.9726681
151 9 311.231 3740.729 322.6615265 8.9742838
153 9 871.487 3753.717 322.6300138 8.9751661
154 9 1496.393 3816.119 322.5947196 8.9788331
155 9 1087.227 3859.360 322.6178671 8.9811364
156 9 804.185 3874.814 322.6337953 8.9819213
157 9 855.794 3893.770 322.6309305 8.9829985
160 9 571.222 3927.602 322.6469733 8.9848033
161 9 448.057 3956.022 322.6539061 8.9863503
164 9 550.798 4062.166 322.6481766 8.9923205
165 9 1511.038 4063.085 322.5939747 8.9926643
168 9 738.902 4143.196 322.6376341 8.9969099
