3 0 194.329 41.009 316.6832848 9.0066788
5 0 1228.511 69.240 316.6257599 9.0084894
7 0 266.206 88.568 316.6792741 9.0093545
8 0 1928.372 107.597 316.5870852 9.0107468
9 0 1645.564 118.899 316.6027270 9.0113312
10 0 1685.621 131.604 316.6004924 9.0120532
11 0 659.382 136.903 316.6573298 9.0121391
12 0 1537.739 156.445 316.6086857 9.0134111
13 0 1082.850 161.194 316.6338386 9.0135715
16 0 395.095 164.385 316.6720549 9.0136116
14 0 1102.994 162.092 316.6326927 9.0136288
15 0 544.444 167.206 316.6637470 9.0137950
17 0 781.664 178.700 316.6505689 9.0144882
18 0 748.307 179.175 316.6524024 9.0144997
19 0 185.995 184.587 316.6837432 9.0146945
20 0 815.020 195.529 316.6487355 9.0154394
21 0 884.033 224.916 316.6448967 9.0170723
23 0 270.415 236.543 316.6790449 9.0175879
22 0 1934.558 231.582 316.5867987 9.0176624
24 0 1332.411 281.849 316.6200303 9.0203267
26 0 491.963 293.309 316.6667263 9.0208080
27 0 1610.978 310.298 316.6047323 9.0219940
28 0 266.374 321.227 316.6793314 9.0223378
30 0 486.904 338.894 316.6670128 9.0233462
29 0 843.168 338.225 316.6471885 9.0233748
31 0 741.605 367.806 316.6528608 9.0250077
32 0 1602.047 409.473 316.6051907 9.0274944
34 0 1452.694 453.711 316.6134413 9.0299008
35 0 887.766 461.310 316.6447248 9.0302618
38 0 502.086 509.534 316.6662107 9.0329260
42 0 1049.224 535.105 316.6358439 9.0343813
40 0 1969.342 533.764 316.5849653 9.0344100
43 0 1587.957 540.816 316.6059928 9.0347423
41 0 256.968 544.598 316.6799617 9.0348397
44 0 928.138 552.393 316.6425475 9.0353382
45 0 708.758 580.495 316.6547515 9.0368852
46 0 193.858 587.935 316.6835140 9.0372117
47 0 867.069 602.682 316.6459280 9.0381056
48 0 1940.749 609.651 316.5865696 9.0386155
50 0 1853.982 614.250 316.5913824 9.0388733
53 0 1272.817 634.331 316.6234680 9.0399161
55 0 1772.757 633.484 316.5958515 9.0399218
54 0 1289.905 634.386 316.6224940 9.0399218
56 0 743.959 666.299 316.6528608 9.0416293
57 0 566.386 675.506 316.6627156 9.0421392
59 0 1830.090 708.420 316.5927002 9.0440529
60 0 1262.315 709.682 316.6240983 9.0441102
61 0 239.635 728.146 316.6809930 9.0450727
63 0 1877.033 758.654 316.5901792 9.0468775
65 0 949.467 764.710 316.6414589 9.0471468
66 0 1457.088 774.402 316.6133267 9.0477427
67 0 805.864 802.406 316.6494803 9.0492152
72 0 1233.284 877.471 316.6257599 9.0534379
74 0 1340.485 913.985 316.6198584 9.0554605
76 0 887.115 942.602 316.6450112 9.0570304
77 0 1075.269 947.343 316.6345834 9.0573340
78 0 166.714 961.567 316.6851756 9.0580388
79 0 141.604 974.663 316.6866080 9.0587779
80 0 191.072 985.508 316.6838005 9.0593852
81 0 1069.449 999.209 316.6348699 9.0601816
83 0 1035.570 999.404 316.6368180 9.0601988
84 0 1808.446 1011.640 316.5940753 9.0608864
85 0 78.412 1018.255 316.6901603 9.0612129
89 0 1678.341 1074.279 316.6012373 9.0643699
91 0 397.163 1092.643 316.6723986 9.0653554
93 0 1576.051 1141.618 316.6069669 9.0680999
94 0 1189.939 1155.308 316.6282809 9.0688447
96 0 1894.362 1166.172 316.5893770 9.0694464
98 0 833.759 1195.512 316.6480479 9.0710793
97 0 1940.227 1195.721 316.5869133 9.0710965
100 0 1443.327 1210.773 316.6143007 9.0719043
101 0 416.391 1248.577 316.6713673 9.0740243
102 0 1194.592 1263.614 316.6280517 9.0748436
104 0 66.344 1303.840 316.6909625 9.0770896
105 0 1306.348 1313.459 316.6219211 9.0776339
107 0 1920.535 1327.781 316.5880592 9.0783558
106 0 393.161 1326.485 316.6726278 9.0783558
108 0 1620.840 1370.257 316.6046177 9.0807394
109 0 1982.549 1372.039 316.5846215 9.0808253
111 0 1238.530 1394.091 316.6257026 9.0820915
112 0 1046.080 1430.207 316.6364169 9.0841026
113 0 1706.151 1482.153 316.5999768 9.0869330
115 0 147.094 1522.970 316.6866080 9.0892707
116 0 1707.676 1525.171 316.5999195 9.0893108
117 0 1044.054 1544.265 316.6365888 9.0904510
118 0 918.425 1552.653 316.6435789 9.0909151
120 0 627.177 1578.002 316.6597936 9.0923131
122 0 1118.583 1617.571 316.6325208 9.0944903
124 0 1078.824 1642.865 316.6347553 9.0958998
125 0 521.048 1646.520 316.6657523 9.0961462
126 0 17.071 1683.749 316.6939418 9.0982318
127 0 1863.606 1688.054 316.5913824 9.0982890
128 0 221.025 1688.467 316.6825400 9.0984839
129 0 610.608 1698.330 316.6607676 9.0990110
130 0 686.117 1703.399 316.6565850 9.0993089
131 0 456.370 1707.243 316.6694193 9.0995266
132 0 1765.117 1709.581 316.5968255 9.0995553
133 0 908.395 1721.259 316.6442091 9.1002715
135 0 1441.263 1749.635 316.6147591 9.1017955
137 0 1119.615 1769.208 316.6325208 9.1028899
138 0 1209.432 1779.485 316.6275933 9.1034514
140 0 1865.153 1810.388 316.5913824 9.1050614
139 0 1218.315 1810.763 316.6271350 9.1051875
141 0 977.694 1836.330 316.6404849 9.1066313
143 0 792.239 1905.813 316.6507981 9.1105160
144 0 545.632 1921.354 316.6644918 9.1113754
145 0 74.088 1952.353 316.6908479 9.1131458
146 0 619.399 1977.683 316.6604811 9.1144980
147 0 1029.952 1984.554 316.6376201 9.1148132
148 0 144.102 1993.900 316.6870091 9.1154892
149 0 1398.240 2000.387 316.6172801 9.1156669
151 0 257.619 2060.595 316.6807065 9.1191447
153 0 1683.355 2092.179 316.6016383 9.1206688
154 0 67.057 2155.963 316.6913062 9.1244388
155 0 807.611 2219.928 316.6501679 9.1278938
156 0 645.948 2225.292 316.6591633 9.1281974
159 0 200.878 2226.038 316.6839724 9.1283178
157 0 244.626 2229.214 316.6815087 9.1284954
160 0 1399.366 2240.954 316.6173947 9.1289480
161 0 1637.483 2248.187 316.6042167 9.1292803
163 0 1895.870 2261.701 316.5900073 9.1299564
165 0 419.387 2272.175 316.6717684 9.1308388
167 0 1844.541 2283.494 316.5928721 9.1311826
169 0 921.234 2304.206 316.6439226 9.1325290
170 0 788.132 2309.564 316.6513138 9.1328613
173 0 1351.497 2358.818 316.6201449 9.1354625
174 0 414.363 2390.934 316.6721694 9.1374221
175 0 77.004 2405.886 316.6909625 9.1382758
179 0 1050.206 2482.077 316.6368752 9.1423151
180 0 883.615 2483.432 316.6460999 9.1424813
184 0 70.792 2550.054 316.6914208 9.1462571
185 0 764.204 2558.600 316.6528608 9.1466238
188 0 1591.114 2586.380 316.6070814 9.1479416
189 0 1559.234 2606.941 316.6088576 9.1490818
191 0 1200.535 2647.930 316.6286820 9.1514366
192 0 501.099 2657.717 316.6675285 9.1521528
194 0 1349.164 2673.949 316.6204887 9.1528232
193 0 472.366 2672.724 316.6691328 9.1529951
196 0 838.958 2698.203 316.6487928 9.1543071
200 0 1670.136 2762.426 316.6028416 9.1576131
202 0 1944.035 2773.550 316.5877728 9.1581288
201 0 1317.484 2772.149 316.6223221 9.1582376
203 0 72.103 2808.134 316.6914208 9.1604779
204 0 509.848 2821.700 316.6671847 9.1611826
206 0 1661.728 2854.750 316.6034145 9.1626838
205 0 240.393 2848.937 316.6821389 9.1627583
207 0 1757.272 2878.315 316.5980860 9.1639787
208 0 518.107 2890.699 316.6667836 9.1650043
209 0 892.596 2903.433 316.6459853 9.1656288
211 0 1759.745 2918.039 316.5980860 9.1661158
215 0 1956.927 2934.367 316.5871998 9.1669638
213 0 1294.962 2935.203 316.6236972 9.1672331
217 0 1004.880 2973.724 316.6397973 9.1694561
218 0 1284.646 2984.269 316.6243275 9.1699202
220 0 1600.083 2987.920 316.6069096 9.1700348
219 0 455.091 2984.551 316.6703360 9.1702010
221 0 1835.103 3017.997 316.5939607 9.1715990
222 0 709.467 3045.690 316.6562412 9.1734898
223 0 483.341 3050.700 316.6688463 9.1738106
224 0 321.761 3073.072 316.6778417 9.1750940
225 0 1591.433 3090.689 316.6074825 9.1756842
226 0 751.644 3103.906 316.6539494 9.1766697
227 0 17.648 3120.628 316.6948586 9.1778672
228 0 1063.779 3135.337 316.6366461 9.1783083
229 0 1112.717 3157.108 316.6339532 9.1794886
230 0 795.375 3157.207 316.6516003 9.1795860
233 0 1356.112 3175.068 316.6205460 9.1803882
231 0 371.741 3176.243 316.6751488 9.1807892
232 0 1217.938 3181.546 316.6282236 9.1808064
234 0 803.631 3180.335 316.6511419 9.1808523
235 0 1428.209 3187.278 316.6165352 9.1810070
236 0 1268.293 3195.104 316.6254161 9.1815341
237 0 299.471 3213.354 316.6791022 9.1828061
238 0 131.221 3222.750 316.6884987 9.1833389
241 0 557.264 3247.835 316.6648929 9.1846510
239 0 256.336 3256.035 316.6815087 9.1852239
242 0 1986.143 3289.096 316.5858820 9.1863870
243 0 1902.522 3302.251 316.5905230 9.1871720
244 0 597.306 3301.429 316.6626583 9.1875788
245 0 773.668 3307.551 316.6529181 9.1878653
246 0 484.991 3319.016 316.6689609 9.1885815
248 0 811.458 3334.565 316.6507981 9.1893206
250 0 1908.490 3362.637 316.5902365 9.1904722
252 0 820.099 3367.837 316.6503398 9.1911311
253 0 247.029 3377.385 316.6821389 9.1918473
254 0 204.110 3390.156 316.6846026 9.1925922
256 0 1445.076 3465.616 316.6159050 9.1962877
257 0 453.055 3522.308 316.6709089 9.1997828
259 0 1819.074 3540.542 316.5953358 9.2002469
258 0 543.622 3539.461 316.6658669 9.2006766
260 0 37.700 3558.008 316.6939991 9.2018340
261 0 380.621 3563.780 316.6748624 9.2020345
262 0 416.236 3583.473 316.6729716 9.2031403
264 0 1875.400 3597.228 316.5921845 9.2033638
265 0 386.066 3625.740 316.6746332 9.2054493
267 0 109.941 3637.555 316.6900457 9.2061713
273 0 1963.810 3695.570 316.5874863 9.2086636
272 0 1535.474 3702.188 316.6111494 9.2092251
274 0 1958.052 3725.757 316.5878301 9.2103481
275 0 1852.965 3728.426 316.5936169 9.2105143
276 0 348.634 3737.258 316.6768104 9.2115857
278 0 1002.815 3765.976 316.6405995 9.2129322
280 0 1830.354 3818.449 316.5949347 9.2154589
279 0 1770.617 3818.767 316.5982579 9.2155048
282 0 1562.902 3836.060 316.6097170 9.2165361
287 0 1987.493 3874.009 316.5863977 9.2184326
286 0 1510.151 3876.622 316.6126391 9.2187878
288 0 190.845 3873.853 316.6856913 9.2191201
289 0 749.981 3896.672 316.6547515 9.2201572
291 0 1406.075 3916.155 316.6184260 9.2209708
290 0 1156.778 3917.002 316.6322343 9.2211484
292 0 692.834 3934.077 316.6579028 9.2222485
296 0 336.640 3985.170 316.6776698 9.2251534
297 0 1759.855 4009.770 316.5990027 9.2259154
298 0 859.638 4012.810 316.6487355 9.2264425
299 0 1714.544 4023.599 316.6015238 9.2266946
300 0 1189.125 4031.334 316.6305154 9.2273363
302 0 1091.502 4058.585 316.6359585 9.2288661
303 0 1238.894 4061.079 316.6277652 9.2289406
305 0 417.763 4078.900 316.6732581 9.2302470
304 0 60.332 4076.768 316.6931970 9.2302527
306 0 29.513 4108.890 316.6949159 9.2320346
307 0 258.775 4120.992 316.6821389 9.2326018
308 0 989.186 4149.453 316.6416881 9.2338738
2 1 1405.680 27.761 316.7343354 9.0057105
3 1 888.678 56.241 316.7634989 9.0071601
4 1 412.756 64.847 316.7904279 9.0075039
5 1 1870.595 101.671 316.7082085 9.0099561
7 1 973.682 127.915 316.7587434 9.0111937
10 1 430.478 138.696 316.7894539 9.0116521
8 1 1512.527 134.302 316.7283766 9.0117094
11 1 1812.632 167.445 316.7114744 9.0136173
12 1 462.546 176.163 316.7876204 9.0137606
13 1 777.002 174.992 316.7698588 9.0137778
15 1 1502.686 210.645 316.7289496 9.0159607
16 1 1321.313 321.644 316.7391482 9.0221258
17 1 971.242 333.264 316.7589153 9.0226873
18 1 1556.160 337.217 316.7259702 9.0230540
19 1 1985.933 346.469 316.7018487 9.0236613
21 1 533.696 396.303 316.7836670 9.0261078
22 1 1619.739 416.154 316.7224178 9.0274772
23 1 108.697 432.398 316.8077886 9.0280158
24 1 570.747 442.459 316.7816044 9.0287033
25 1 1579.712 448.623 316.7246524 9.0292820
26 1 632.800 479.568 316.7781093 9.0307889
27 1 19.466 483.206 316.8128306 9.0308405
28 1 1371.918 492.670 316.7363980 9.0316999
30 1 388.519 510.306 316.7919176 9.0324562
31 1 668.548 520.625 316.7760467 9.0332182
32 1 1294.732 542.409 316.7407525 9.0344558
33 1 827.120 553.229 316.7671659 9.0349658
34 1 1568.894 581.887 316.7253399 9.0367190
35 1 1455.928 591.115 316.7316998 9.0372117
36 1 508.031 613.579 316.7852140 9.0382660
37 1 968.038 617.352 316.7592017 9.0385754
38 1 25.205 621.643 316.8125441 9.0385983
39 1 652.228 625.581 316.7770780 9.0389765
41 1 1862.557 626.458 316.7088387 9.0392916
40 1 1236.268 630.060 316.7440757 9.0393431
42 1 1668.076 646.500 316.7197822 9.0403344
44 1 1466.231 655.353 316.7311841 9.0408042
45 1 1134.854 664.366 316.7498052 9.0412339
46 1 1909.917 667.365 316.7062604 9.0415720
49 1 433.000 700.004 316.7895112 9.0430846
50 1 1392.921 717.383 316.7352521 9.0442763
51 1 1233.561 720.323 316.7442475 9.0444081
52 1 1036.948 745.230 316.7553629 9.0457431
54 1 267.047 755.077 316.7989077 9.0461270
53 1 1651.572 750.026 316.7207563 9.0461499
57 1 500.346 762.643 316.7857297 9.0466083
56 1 1535.973 760.456 316.7272307 9.0467114
58 1 1496.673 768.605 316.7294652 9.0471583
61 1 605.409 808.448 316.7797709 9.0491923
63 1 266.822 835.251 316.7989650 9.0506190
64 1 1457.169 854.342 316.7316998 9.0519196
65 1 759.528 878.891 316.7710620 9.0531858
67 1 1110.423 914.317 316.7512949 9.0552313
68 1 1441.880 914.237 316.7326165 9.0552714
69 1 892.027 947.990 316.7636135 9.0570705
72 1 2000.444 961.361 316.7013330 9.0579929
73 1 1678.723 987.889 316.7192666 9.0594253
75 1 317.772 1011.620 316.7961575 9.0605197
76 1 1592.814 1027.240 316.7241367 9.0615854
77 1 1529.568 1035.418 316.7276891 9.0620667
78 1 396.747 1050.306 316.7916311 9.0627141
80 1 1796.570 1050.765 316.7126776 9.0629376
82 1 799.610 1072.681 316.7688847 9.0640376
83 1 1497.928 1073.021 316.7295225 9.0641465
85 1 194.166 1093.653 316.8031476 9.0650632
87 1 846.304 1112.627 316.7663064 9.0662722
86 1 46.914 1123.416 316.8115128 9.0666503
89 1 516.508 1161.451 316.7849848 9.0689651
90 1 1815.552 1163.278 316.7117035 9.0692172
91 1 978.960 1166.016 316.7588007 9.0692630
92 1 1492.268 1172.647 316.7298663 9.0697328
93 1 377.594 1176.048 316.7927771 9.0697443
94 1 545.649 1184.200 316.7832660 9.0701969
96 1 180.348 1229.884 316.8040070 9.0727065
97 1 1659.556 1236.875 316.7204698 9.0733138
99 1 1084.966 1273.821 316.7528419 9.0753134
100 1 465.077 1282.820 316.7879069 9.0757260
101 1 226.089 1287.872 316.8014287 9.0759666
102 1 640.183 1292.272 316.7781093 9.0762760
104 1 1660.509 1296.354 316.7204698 9.0766255
105 1 1140.871 1301.574 316.7497479 9.0768547
106 1 1609.843 1350.152 316.7233346 9.0796049
107 1 535.173 1365.434 316.7840108 9.0803440
109 1 802.720 1395.126 316.7688847 9.0820514
112 1 991.854 1473.568 316.7582277 9.0864517
114 1 1183.877 1488.537 316.7473988 9.0872940
116 1 693.936 1497.671 316.7750727 9.0877352
115 1 1119.033 1499.193 316.7510084 9.0878841
117 1 805.746 1512.717 316.7687128 9.0886003
120 1 204.445 1535.798 316.8028038 9.0898150
118 1 1822.296 1538.101 316.7114744 9.0901015
119 1 1942.520 1540.568 316.7047707 9.0902562
121 1 892.057 1558.201 316.7639000 9.0911557
123 1 550.022 1558.885 316.7832087 9.0911672
124 1 1957.301 1576.202 316.7039113 9.0922386
128 1 1014.247 1645.235 316.7570245 9.0960488
130 1 1038.448 1703.652 316.7557067 9.0992803
133 1 237.959 1718.039 316.8009704 9.0999621
132 1 1116.153 1721.031 316.7513522 9.1002600
134 1 1508.273 1726.399 316.7292933 9.1006382
135 1 748.083 1734.652 316.7720933 9.1009705
136 1 1555.318 1736.444 316.7266004 9.1011424
137 1 712.323 1754.405 316.7741559 9.1020763
139 1 1229.078 1793.331 316.7449924 9.1042936
140 1 1453.169 1818.111 316.7324446 9.1057031
141 1 538.402 1832.184 316.7840108 9.1063849
142 1 1551.780 1833.262 316.7268296 9.1065396
143 1 2009.548 1852.388 316.7012184 9.1076111
144 1 1693.971 1856.319 316.7189228 9.1078231
146 1 127.040 1869.252 316.8072729 9.1083846
145 1 1731.551 1868.600 316.7167456 9.1084992
147 1 1368.237 1870.246 316.7372002 9.1085851
150 1 1459.784 1951.616 316.7321008 9.1131172
151 1 676.750 1953.711 316.7762186 9.1131860
152 1 916.952 1967.325 316.7626968 9.1139480
153 1 992.362 1982.105 316.7584569 9.1147845
154 1 103.724 2010.405 316.8087053 9.1162570
155 1 495.910 2014.180 316.7864745 9.1165263
158 1 312.957 2028.363 316.7968451 9.1172711
157 1 2024.532 2028.800 316.7004163 9.1174086
159 1 1373.845 2051.087 316.7369710 9.1186692
160 1 273.242 2058.915 316.7990796 9.1189843
161 1 365.420 2060.581 316.7938657 9.1190874
162 1 440.041 2087.173 316.7896831 9.1205714
163 1 1151.039 2091.621 316.7495188 9.1208750
164 1 1398.688 2091.597 316.7355959 9.1208865
165 1 1148.765 2150.253 316.7497479 9.1241466
167 1 1822.071 2152.324 316.7118754 9.1242784
168 1 352.936 2164.125 316.7946105 9.1248628
170 1 1985.240 2218.397 316.7027654 9.1279224
171 1 1064.611 2222.741 316.7545035 9.1281631
172 1 1015.659 2232.298 316.7572537 9.1286959
173 1 1380.031 2235.402 316.7367418 9.1288621
174 1 1525.905 2251.583 316.7285485 9.1297788
175 1 1949.698 2279.144 316.7048280 9.1312971
178 1 1270.556 2310.922 316.7429297 9.1330790
179 1 705.964 2344.703 316.7747862 9.1349240
181 1 758.402 2371.844 316.7718068 9.1364423
182 1 972.517 2392.500 316.7597747 9.1375940
184 1 1213.186 2412.703 316.7461956 9.1386998
185 1 1070.463 2448.549 316.7542743 9.1407108
187 1 168.408 2456.884 316.8052102 9.1411176
188 1 1879.487 2473.158 316.7088387 9.1420401
189 1 1964.958 2476.765 316.7040259 9.1421719
190 1 1709.917 2537.061 316.7184071 9.1455982
191 1 178.845 2550.205 316.8046946 9.1462857
192 1 134.978 2559.443 316.8071583 9.1468014
193 1 672.656 2621.907 316.7767915 9.1503022
195 1 1972.038 2639.069 316.7037967 9.1512189
196 1 660.161 2639.136 316.7775364 9.1512819
197 1 1133.705 2683.342 316.7508938 9.1537284
198 1 1765.778 2700.810 316.7153705 9.1546624
200 1 183.990 2724.213 316.8044654 9.1559458
202 1 995.735 2726.732 316.7586288 9.1561291
203 1 687.244 2735.309 316.7760467 9.1565875
205 1 1187.709 2787.884 316.7479145 9.1595210
206 1 1215.043 2789.768 316.7463675 9.1596185
207 1 286.803 2792.252 316.7986785 9.1597159
208 1 1809.743 2797.696 316.7129640 9.1600023
209 1 1570.840 2797.667 316.7263713 9.1600253
210 1 362.779 2802.866 316.7943813 9.1603232
212 1 1427.537 2805.838 316.7344500 9.1604951
213 1 175.047 2815.125 316.8050384 9.1609935
214 1 1533.163 2815.985 316.7284912 9.1610508
215 1 312.428 2827.019 316.7972461 9.1616467
217 1 914.864 2841.618 316.7633270 9.1625062
219 1 414.273 2875.526 316.7915166 9.1643625
220 1 1508.528 2895.844 316.7299236 9.1654626
221 1 254.175 2923.575 316.8005693 9.1670268
222 1 1793.597 2929.120 316.7139381 9.1672789
224 1 186.137 2963.428 316.8044654 9.1691983
225 1 1675.819 2979.734 316.7205844 9.1700921
227 1 341.226 3000.188 316.7956991 9.1712380
230 1 58.456 3041.670 316.8117420 9.1735356
231 1 1832.810 3048.686 316.7118754 9.1738565
232 1 234.205 3075.449 316.8018298 9.1754034
233 1 1712.707 3079.764 316.7186363 9.1755868
234 1 1060.501 3098.015 316.7552483 9.1766754
235 1 1497.484 3135.041 316.7307257 9.1786406
239 1 1103.987 3153.905 316.7528419 9.1797522
238 1 1370.435 3157.219 316.7378877 9.1799298
240 1 1886.656 3159.317 316.7089533 9.1799413
242 1 69.077 3184.402 316.8111690 9.1813966
243 1 1048.408 3186.523 316.7559932 9.1815570
244 1 443.091 3246.474 316.7900842 9.1848630
245 1 1925.958 3260.606 316.7068334 9.1855276
246 1 632.481 3311.715 316.7793699 9.1885013
248 1 1823.977 3314.388 316.7125630 9.1885013
247 1 256.397 3316.712 316.8006266 9.1887304
249 1 150.542 3336.567 316.8066426 9.1898248
250 1 218.597 3410.060 316.8028611 9.1938756
252 1 1669.894 3424.651 316.7212719 9.1946147
251 1 1307.912 3427.907 316.7415546 9.1948267
253 1 138.030 3427.705 316.8073875 9.1948439
254 1 1115.454 3430.830 316.7523835 9.1950101
256 1 993.743 3443.496 316.7592017 9.1957263
257 1 1349.259 3446.060 316.7392628 9.1958408
258 1 756.152 3452.793 316.7726090 9.1962534
261 1 1570.741 3462.940 316.7268296 9.1967347
259 1 1881.360 3475.674 316.7094690 9.1973649
263 1 427.849 3483.651 316.7910582 9.1979379
264 1 1051.080 3492.644 316.7559932 9.1983962
265 1 1663.190 3511.008 316.7216730 9.1993645
266 1 1264.982 3515.167 316.7440184 9.1996453
267 1 1393.324 3531.517 316.7367991 9.2005276
268 1 464.931 3558.210 316.7890528 9.2020517
269 1 746.245 3566.617 316.7732392 9.2025215
271 1 1420.667 3572.664 316.7353094 9.2027679
272 1 512.078 3586.286 316.7863599 9.2036216
273 1 165.804 3597.810 316.8058978 9.2042118
275 1 562.185 3636.905 316.7836097 9.2064062
277 1 663.254 3672.428 316.7779375 9.2083428
282 1 1533.892 3746.344 316.7291215 9.2123363
285 1 1119.088 3769.623 316.7523835 9.2136713
290 1 456.926 3834.829 316.7896258 9.2172637
289 1 29.973 3836.703 316.8136900 9.2173554
291 1 995.786 3869.067 316.7593736 9.2191373
292 1 496.092 3880.401 316.7875059 9.2197618
293 1 1145.953 3896.117 316.7509511 9.2206041
294 1 1640.827 3901.358 316.7232773 9.2207989
295 1 1829.455 3904.434 316.7127349 9.2209307
297 1 207.117 3938.320 316.8037779 9.2229417
299 1 98.423 3985.410 316.8099085 9.2255143
300 1 1584.637 3998.025 316.7264858 9.2261102
301 1 944.911 4009.838 316.7623530 9.2268493
302 1 1550.740 4018.763 316.7283766 9.2272504
303 1 684.154 4030.535 316.7769634 9.2280010
305 1 658.390 4063.213 316.7784531 9.2297943
306 1 989.853 4085.196 316.7598893 9.2309861
307 1 736.534 4098.362 316.7740413 9.2317195
308 1 492.637 4103.713 316.7877923 9.2319945
309 1 1190.761 4121.806 316.7486020 9.2329628
310 1 1829.126 4129.130 316.7129640 9.2332206
311 1 410.794 4152.186 316.7924333 9.2346587
312 1 1660.112 4162.935 316.7223606 9.2351114
313 1 26.995 4162.293 316.8140338 9.2352145
3 2 341.797 45.531 316.9149317 9.0058308
2 2 1585.438 40.808 316.8442860 9.0059798
4 2 705.600 50.030 316.8942479 9.0062205
5 2 1922.150 55.672 316.8251492 9.0069195
6 2 716.005 64.759 316.8936749 9.0070570
9 2 1509.185 161.221 316.8486404 9.0127235
10 2 1490.170 175.976 316.8497291 9.0135314
13 2 1557.308 196.326 316.8459475 9.0146945
15 2 1227.422 218.745 316.8646833 9.0158519
16 2 757.960 237.075 316.8913258 9.0167285
21 2 213.306 333.134 316.9222655 9.0219252
19 2 2016.680 324.263 316.8198780 9.0220054
22 2 1890.494 340.588 316.8270399 9.0228821
24 2 1870.052 350.297 316.8282432 9.0234207
26 2 1204.950 373.899 316.8659438 9.0245436
27 2 346.036 388.862 316.9147598 9.0250937
32 2 732.175 451.032 316.8928728 9.0287205
34 2 1195.829 470.451 316.8665167 9.0299466
35 2 209.316 487.675 316.9225520 9.0305884
36 2 526.842 501.939 316.9045038 9.0314994
38 2 559.168 522.861 316.9026704 9.0326739
37 2 918.409 525.904 316.8822731 9.0329833
39 2 1471.861 547.632 316.8508750 9.0343756
40 2 1040.280 554.562 316.8753976 9.0346162
41 2 486.126 574.941 316.9068530 9.0355788
42 2 1295.107 581.247 316.8609017 9.0361976
43 2 1008.621 590.083 316.8771737 9.0366044
44 2 1815.186 595.211 316.8313944 9.0371430
45 2 1582.866 601.412 316.8445724 9.0374123
46 2 878.918 650.111 316.8845649 9.0399218
48 2 655.842 667.438 316.8972273 9.0408157
47 2 1526.662 666.245 316.8477810 9.0410276
49 2 1297.032 706.934 316.8608445 9.0432393
50 2 555.515 714.981 316.9029568 9.0434513
51 2 1183.920 713.943 316.8672616 9.0436002
53 2 243.404 723.740 316.9207185 9.0438237
55 2 1453.349 734.766 316.8519636 9.0448378
54 2 1217.663 736.258 316.8653708 9.0448607
57 2 281.809 743.614 316.9184840 9.0449581
56 2 738.407 743.700 316.8925863 9.0451300
58 2 1732.699 757.831 316.8361500 9.0462186
59 2 1971.753 810.447 316.8225709 9.0492324
60 2 145.055 825.377 316.9262762 9.0494902
61 2 1631.284 825.477 316.8418795 9.0499772
62 2 610.462 838.433 316.8998629 9.0503840
63 2 1164.912 878.085 316.8684075 9.0527905
64 2 1099.057 938.885 316.8721890 9.0562225
65 2 1210.773 941.048 316.8658292 9.0563371
66 2 1998.861 998.774 316.8211385 9.0598436
68 2 36.515 1029.216 316.9325215 9.0608577
69 2 1164.041 1036.082 316.8685221 9.0616713
73 2 376.480 1090.320 316.9132128 9.0644043
71 2 1651.465 1083.114 316.8409055 9.0644215
72 2 1667.636 1086.972 316.8399888 9.0646793
74 2 840.592 1135.161 316.8869140 9.0670858
76 2 1783.873 1158.349 316.8333998 9.0687302
77 2 1840.526 1162.318 316.8301912 9.0689078
78 2 1135.198 1199.993 316.8701837 9.0707928
79 2 687.639 1224.867 316.8956230 9.0720877
81 2 1356.732 1297.208 316.8576932 9.0763161
82 2 645.396 1325.276 316.8980867 9.0776855
84 2 1110.721 1344.484 316.8716734 9.0788772
87 2 2024.115 1404.656 316.8198780 9.0825155
88 2 700.564 1423.323 316.8948781 9.0831916
89 2 1655.854 1426.264 316.8407336 9.0837073
90 2 1635.942 1435.975 316.8418795 9.0841599
91 2 630.055 1443.915 316.8989461 9.0842974
93 2 1713.667 1455.101 316.8375251 9.0852886
92 2 1440.877 1459.238 316.8529376 9.0853975
95 2 133.856 1469.743 316.9270784 9.0855178
97 2 351.714 1533.387 316.9147598 9.0891790
99 2 98.086 1565.162 316.9291410 9.0908406
98 2 1821.130 1558.152 316.8314517 9.0910526
100 2 83.903 1575.684 316.9299432 9.0914479
102 2 553.796 1594.357 316.9033006 9.0926741
103 2 902.028 1593.189 316.8835336 9.0927084
101 2 1541.929 1592.032 316.8472654 9.0928517
107 2 438.137 1609.107 316.9098896 9.0934647
106 2 1152.360 1607.526 316.8693815 9.0935908
108 2 199.250 1632.286 316.9234114 9.0946508
110 2 489.940 1638.261 316.9069676 9.0950919
109 2 661.857 1639.926 316.8972273 9.0952524
113 2 379.553 1669.137 316.9132128 9.0967650
111 2 1182.656 1664.954 316.8676626 9.0968051
112 2 1300.049 1669.133 316.8610163 9.0970858
115 2 1559.725 1683.538 316.8462913 9.0979797
116 2 923.610 1688.999 316.8823877 9.0980771
118 2 564.992 1713.485 316.9026704 9.0993146
120 2 1533.855 1738.977 316.8477810 9.1010564
121 2 775.620 1756.201 316.8907528 9.1017898
123 2 752.638 1776.406 316.8920707 9.1029300
122 2 2027.853 1777.325 316.8198207 9.1033368
124 2 1427.573 1782.985 316.8537971 9.1034743
126 2 888.517 1807.207 316.8843930 9.1046947
129 2 768.646 1852.750 316.8912112 9.1071814
128 2 659.435 1857.172 316.8973992 9.1073933
130 2 599.813 1867.352 316.9007796 9.1079377
131 2 1762.661 1884.975 316.8348895 9.1092497
133 2 807.432 1906.623 316.8890340 9.1101837
135 2 789.687 1963.199 316.8900653 9.1133292
136 2 1308.581 1974.446 316.8606153 9.1141199
138 2 432.853 2013.199 316.9102907 9.1160106
139 2 862.390 2015.485 316.8859400 9.1162799
140 2 1468.768 2018.464 316.8515625 9.1165950
141 2 1299.109 2024.328 316.8611882 9.1169102
142 2 371.526 2035.321 316.9137285 9.1172024
143 2 1716.973 2041.354 316.8375251 9.1179759
144 2 1637.976 2045.685 316.8419941 9.1181936
145 2 263.561 2060.532 316.9199164 9.1185660
148 2 754.119 2099.272 316.8920707 9.1208980
149 2 1244.451 2140.066 316.8642822 9.1233330
150 2 1140.128 2154.760 316.8702410 9.1241065
153 2 857.622 2176.353 316.8862838 9.1252410
155 2 803.971 2177.286 316.8893205 9.1252811
152 2 2005.599 2175.948 316.8211958 9.1255275
157 2 543.205 2203.035 316.9041028 9.1266218
160 2 976.382 2231.189 316.8795229 9.1283350
159 2 1298.217 2235.914 316.8612455 9.1286787
161 2 670.166 2241.215 316.8968835 9.1287761
162 2 542.647 2252.335 316.9041601 9.1293548
164 2 397.484 2282.959 316.9123534 9.1310164
163 2 1866.183 2278.505 316.8291599 9.1312284
165 2 890.838 2284.388 316.8843930 9.1312685
166 2 461.520 2300.970 316.9087437 9.1320706
169 2 262.802 2322.893 316.9200310 9.1331707
170 2 1025.818 2319.724 316.8767727 9.1332681
168 2 1404.491 2317.653 316.8552868 9.1332681
171 2 1486.923 2325.920 316.8506458 9.1337437
173 2 2033.609 2341.648 316.8197061 9.1347464
174 2 1012.725 2348.637 316.8775175 9.1348781
175 2 28.240 2356.697 316.9332663 9.1349469
177 2 1930.470 2362.036 316.8255503 9.1358636
178 2 1512.689 2370.915 316.8491561 9.1362418
179 2 1359.062 2412.076 316.8579224 9.1385050
181 2 774.735 2420.844 316.8910393 9.1388086
180 2 1580.034 2419.595 316.8453746 9.1390034
184 2 527.790 2447.703 316.9050195 9.1402353
185 2 1164.724 2450.905 316.8689232 9.1406077
186 2 201.064 2461.985 316.9235260 9.1408827
188 2 857.969 2499.638 316.8863411 9.1432490
189 2 1400.547 2505.416 316.8555732 9.1436902
190 2 1706.599 2510.957 316.8382699 9.1441085
192 2 1751.899 2533.082 316.8357489 9.1453461
194 2 195.348 2558.265 316.9238698 9.1462227
193 2 289.693 2560.368 316.9184840 9.1463774
195 2 1599.284 2583.465 316.8443433 9.1480562
197 2 1898.915 2610.387 316.8274410 9.1496662
198 2 1100.714 2621.451 316.8725901 9.1500730
199 2 501.460 2647.495 316.9065665 9.1513220
200 2 1172.465 2645.971 316.8685221 9.1514538
201 2 623.490 2661.408 316.8996337 9.1521356
202 2 370.402 2668.186 316.9139576 9.1524049
204 2 1552.308 2700.416 316.8470935 9.1546108
206 2 1152.569 2734.401 316.8696680 9.1563354
208 2 125.625 2756.954 316.9278805 9.1572407
209 2 778.067 2775.395 316.8909247 9.1585126
210 2 150.108 2820.515 316.9264481 9.1607644
213 2 853.752 2839.439 316.8866276 9.1620936
214 2 625.289 2844.937 316.8995764 9.1623171
212 2 1731.156 2840.293 316.8370094 9.1623629
215 2 685.297 2872.950 316.8961959 9.1638927
217 2 1548.776 2921.926 316.8473799 9.1668836
218 2 1657.118 2945.246 316.8412493 9.1681613
219 2 845.417 2965.592 316.8872005 9.1690837
220 2 721.981 2996.700 316.8941906 9.1707682
222 2 1123.583 3066.814 316.8714442 9.1747846
224 2 683.193 3094.875 316.8963678 9.1761827
223 2 595.664 3098.326 316.9013526 9.1763431
225 2 909.372 3101.672 316.8835909 9.1766410
227 2 1550.916 3157.631 316.8473226 9.1798954
228 2 479.718 3187.553 316.9078843 9.1812190
230 2 1324.099 3191.843 316.8601569 9.1817346
231 2 1422.141 3195.169 316.8546565 9.1819352
234 2 679.726 3230.912 316.8965970 9.1836941
235 2 1743.825 3248.336 316.8364937 9.1849546
236 2 777.498 3258.176 316.8910966 9.1852411
238 2 453.864 3262.745 316.9094313 9.1853729
239 2 823.635 3272.810 316.8885183 9.1860719
242 2 1190.296 3304.672 316.8677772 9.1879340
244 2 835.360 3328.420 316.8878308 9.1891315
247 2 753.586 3362.316 316.8924717 9.1910108
250 2 679.881 3424.853 316.8966543 9.1944084
251 2 1691.455 3432.447 316.8394731 9.1951132
252 2 291.834 3450.129 316.9185986 9.1956460
255 2 482.289 3471.233 316.9078270 9.1968951
257 2 747.897 3519.140 316.8928728 9.1997370
258 2 899.070 3534.134 316.8842784 9.2005162
260 2 196.695 3540.147 316.9239844 9.2005735
261 2 1605.980 3549.189 316.8443433 9.2015189
263 2 244.992 3568.374 316.9212915 9.2021835
264 2 780.856 3566.859 316.8909820 9.2022694
266 2 42.719 3578.927 316.9326361 9.2026189
270 2 1320.616 3624.347 316.8605580 9.2056040
271 2 870.444 3653.311 316.8859973 9.2070765
273 2 123.478 3672.152 316.9281097 9.2078042
274 2 1013.893 3678.084 316.8778613 9.2084860
275 2 912.109 3679.675 316.8836482 9.2085548
276 2 318.858 3685.236 316.9171662 9.2086579
278 2 906.348 3713.222 316.8839347 9.2103711
277 2 1961.384 3710.583 316.8244043 9.2104914
279 2 1425.538 3714.321 316.8546565 9.2105888
282 2 1299.611 3795.661 316.8617612 9.2150349
283 2 474.748 3833.844 316.9083427 9.2168455
284 2 1593.060 3835.311 316.8452027 9.2172637
285 2 1210.233 3864.031 316.8668032 9.2187592
286 2 1704.736 3862.169 316.8389002 9.2187763
287 2 838.014 3877.006 316.8878308 9.2193665
288 2 1838.311 3895.153 316.8313944 9.2206041
289 2 1410.724 3911.743 316.8555159 9.2214234
290 2 873.797 3916.174 316.8858254 9.2215094
291 2 1383.341 3919.426 316.8571202 9.2218474
292 2 1316.702 3926.474 316.8608445 9.2222370
293 2 332.981 3955.936 316.9163641 9.2234975
295 2 1621.004 3962.724 316.8437130 9.2242882
296 2 1445.041 4003.698 316.8536252 9.2264769
298 2 1241.395 4032.284 316.8651416 9.2280124
299 2 1568.568 4042.728 316.8466924 9.2286541
303 2 382.319 4122.052 316.9136139 9.2326190
301 2 1404.741 4117.611 316.8559743 9.2327279
300 2 1879.426 4118.829 316.8292172 9.2328654
304 2 264.614 4138.546 316.9202602 9.2335014
3 3 469.983 42.375 316.6681014 8.7713364
4 3 448.971 52.923 316.6692474 8.7718865
5 3 1155.693 62.284 316.6301143 8.7730266
6 3 951.509 87.974 316.6414016 8.7742528
7 3 1524.087 88.102 316.6098316 8.7747799
9 3 1330.571 113.616 316.6204887 8.7759946
8 3 2009.330 106.391 316.5831318 8.7762180
10 3 497.858 132.730 316.6665545 8.7763040
12 3 230.094 169.618 316.6813941 8.7780916
11 3 1981.767 146.035 316.5846215 8.7783609
17 3 1039.751 265.937 316.6364742 8.7840675
18 3 853.891 302.442 316.6467301 8.7859067
19 3 1495.165 306.300 316.6113213 8.7866860
20 3 1458.601 308.727 316.6133267 8.7867834
21 3 754.979 328.696 316.6522305 8.7872532
24 3 1024.389 462.315 316.6372763 8.7948105
25 3 482.891 473.579 316.6672420 8.7949595
27 3 94.749 515.500 316.6888425 8.7969476
28 3 1852.473 518.479 316.5916116 8.7986149
29 3 1815.026 533.492 316.5936169 8.7994113
30 3 1258.388 554.032 316.6242702 8.8000416
33 3 368.931 575.904 316.6735445 8.8004828
31 3 1911.306 558.231 316.5883457 8.8008437
32 3 1828.450 569.742 316.5928721 8.8013995
35 3 299.536 664.442 316.6773834 8.8052956
34 3 1540.372 657.508 316.6087430 8.8059603
36 3 1827.458 669.087 316.5929294 8.8068426
37 3 879.607 729.593 316.6451831 8.8093522
38 3 994.806 767.733 316.6387660 8.8115409
40 3 467.640 809.716 316.6679869 8.8134144
41 3 1630.510 812.143 316.6037010 8.8145202
43 3 1928.696 818.265 316.5873144 8.8151218
46 3 291.804 965.952 316.6777271 8.8218770
44 3 1919.396 944.725 316.5877728 8.8220432
45 3 1856.340 952.355 316.5912105 8.8224099
48 3 658.817 971.799 316.6573298 8.8224901
49 3 1169.774 968.157 316.6290257 8.8227021
51 3 1034.040 991.987 316.6365315 8.8238996
50 3 1607.688 990.081 316.6049042 8.8242720
52 3 1995.714 992.998 316.5835329 8.8247647
54 3 88.623 1118.205 316.6890144 8.8301047
53 3 1493.249 1102.720 316.6111494 8.8303740
56 3 1266.822 1132.720 316.6236399 8.8318293
59 3 1399.910 1145.008 316.6163061 8.8326142
60 3 1892.884 1152.300 316.5891479 8.8334221
63 3 1999.746 1254.284 316.5832464 8.8391173
66 3 401.482 1316.776 316.6715392 8.8413060
65 3 524.293 1318.361 316.6647210 8.8414779
68 3 1634.806 1335.533 316.6032999 8.8432827
70 3 876.979 1351.406 316.6451258 8.8435692
69 3 1038.402 1351.838 316.6361877 8.8437124
71 3 1623.680 1356.249 316.6039302 8.8444172
76 3 220.984 1378.500 316.6815660 8.8445776
73 3 1656.039 1364.251 316.6020967 8.8448870
75 3 866.677 1381.028 316.6456988 8.8451907
80 3 358.299 1432.762 316.6739456 8.8476773
79 3 1708.562 1416.211 316.5992319 8.8477919
81 3 787.770 1482.571 316.6500533 8.8507369
82 3 1576.025 1476.930 316.6065085 8.8510234
83 3 1649.470 1503.080 316.6024405 8.8525245
85 3 911.372 1520.039 316.6431778 8.8528970
89 3 349.602 1527.498 316.6744040 8.8529027
84 3 1243.984 1518.897 316.6247858 8.8530803
86 3 1441.814 1517.340 316.6138996 8.8531491
87 3 1352.388 1523.323 316.6188271 8.8534069
88 3 1654.870 1525.392 316.6021540 8.8537621
91 3 616.576 1553.752 316.6595644 8.8545471
90 3 1587.048 1550.493 316.6058782 8.8550914
92 3 1864.068 1553.903 316.5906376 8.8554925
93 3 1545.478 1584.671 316.6081701 8.8569420
95 3 368.390 1609.415 316.6733727 8.8574405
96 3 1466.942 1633.951 316.6124672 8.8596006
99 3 539.804 1666.560 316.6638043 8.8607236
100 3 101.761 1707.050 316.6882123 8.8626716
101 3 468.908 1737.975 316.6677577 8.8646254
102 3 1022.676 1743.513 316.6369898 8.8653244
103 3 681.019 1750.645 316.6559547 8.8654734
106 3 800.253 1762.503 316.6493084 8.8662125
105 3 1768.893 1760.318 316.5958515 8.8667912
107 3 1873.189 1763.179 316.5900646 8.8670261
108 3 625.631 1788.711 316.6589914 8.8675360
109 3 391.426 1796.976 316.6720549 8.8678397
110 3 247.088 1832.934 316.6800763 8.8697362
111 3 292.758 1838.595 316.6775553 8.8700800
112 3 420.860 1872.910 316.6703933 8.8720624
113 3 2024.168 1886.646 316.5817567 8.8739417
114 3 1290.431 1897.388 316.6221502 8.8740104
116 3 313.324 1922.548 316.6764093 8.8747438
115 3 796.942 1919.075 316.6494803 8.8748699
117 3 1307.348 1937.402 316.6212335 8.8762335
118 3 1603.812 1944.436 316.6048469 8.8768351
119 3 1956.521 1955.912 316.5854809 8.8777175
122 3 1397.559 2055.333 316.6162488 8.8828168
123 3 1778.545 2067.003 316.5952212 8.8837221
125 3 1198.427 2100.287 316.6271923 8.8851659
126 3 66.845 2134.597 316.6901030 8.8863520
127 3 1908.045 2147.825 316.5880592 8.8882771
128 3 39.588 2179.096 316.6916500 8.8888099
129 3 53.995 2230.704 316.6908479 8.8916862
133 3 409.164 2276.132 316.6710235 8.8944135
131 3 1010.544 2271.639 316.6376201 8.8945338
132 3 916.909 2274.152 316.6427767 8.8946140
134 3 148.106 2338.281 316.6855767 8.8977137
135 3 1082.686 2357.689 316.6336094 8.8993466
136 3 1693.640 2357.432 316.5998622 8.8996847
139 3 440.427 2429.575 316.6692474 8.9029563
140 3 1442.657 2471.536 316.6136705 8.9058669
141 3 1761.388 2501.886 316.5960807 8.9077347
142 3 837.799 2564.729 316.6471885 8.9106855
144 3 131.233 2575.110 316.6865507 8.9108688
143 3 549.169 2573.427 316.6631740 8.9110006
145 3 1562.298 2577.632 316.6070814 8.9118199
148 3 142.586 2638.808 316.6859204 8.9144212
146 3 1776.300 2622.529 316.5952785 8.9144326
147 3 2008.697 2624.554 316.5825016 8.9146790
150 3 763.226 2668.273 316.6513138 8.9163864
151 3 1163.460 2671.838 316.6290830 8.9168047
153 3 42.944 2721.342 316.6914208 8.9189647
155 3 847.634 2748.339 316.6466155 8.9208784
156 3 1585.369 2746.800 316.6058209 8.9211993
157 3 1919.855 2763.490 316.5873717 8.9223108
158 3 215.660 2786.954 316.6817951 8.9227004
161 3 72.083 2805.187 316.6898165 8.9236401
160 3 572.314 2800.833 316.6619135 8.9236515
162 3 1101.827 2805.182 316.6325208 8.9241786
163 3 1053.586 2824.093 316.6352137 8.9251985
164 3 1488.455 2848.917 316.6111494 8.9268085
165 3 494.647 2864.425 316.6662680 8.9271580
166 3 1187.545 2872.299 316.6277652 8.9279487
167 3 936.562 2883.774 316.6416881 8.9284472
168 3 258.776 2898.599 316.6793887 8.9289342
169 3 1680.728 2911.908 316.6005497 8.9304067
170 3 120.068 2980.641 316.6871809 8.9334434
172 3 1390.064 2998.478 316.6165352 8.9350476
174 3 104.239 3027.276 316.6880404 8.9360274
176 3 179.129 3065.770 316.6838578 8.9382104
177 3 1523.648 3070.268 316.6092014 8.9391042
178 3 1330.993 3077.708 316.6198584 8.9394193
179 3 243.755 3103.132 316.6802482 8.9403246
180 3 879.758 3115.358 316.6448394 8.9412929
181 3 1583.269 3124.389 316.6058782 8.9421294
185 3 98.636 3152.575 316.6883842 8.9430118
186 3 1864.815 3154.858 316.5904084 8.9439571
187 3 27.746 3194.032 316.6923376 8.9452864
188 3 1280.438 3199.159 316.6226659 8.9461344
189 3 1346.440 3230.164 316.6189990 8.9478876
190 3 330.745 3238.876 316.6754353 8.9479220
191 3 1256.685 3240.001 316.6239837 8.9483918
193 3 212.344 3248.416 316.6820243 8.9484033
194 3 294.744 3258.018 316.6774407 8.9489762
192 3 1708.554 3248.057 316.5990027 8.9490450
196 3 103.716 3294.850 316.6880977 8.9509701
197 3 2031.777 3288.975 316.5812410 8.9514572
198 3 489.762 3320.812 316.6665545 8.9525515
199 3 1634.315 3325.114 316.6031280 8.9532792
200 3 1726.197 3380.325 316.5980860 8.9563903
201 3 1714.306 3396.043 316.5987163 8.9572612
202 3 784.092 3405.773 316.6501679 8.9573987
203 3 1179.838 3434.779 316.6282236 8.9591692
205 3 591.135 3445.002 316.6609395 8.9595015
206 3 308.394 3450.981 316.6766958 8.9597364
207 3 1502.135 3467.114 316.6104619 8.9611172
208 3 900.851 3549.283 316.6436934 8.9654373
210 3 77.807 3564.397 316.6896447 8.9659702
211 3 18.392 3568.645 316.6929678 8.9661822
209 3 1624.202 3557.979 316.6037010 8.9661994
212 3 1353.285 3611.152 316.6186552 8.9690527
213 3 316.187 3620.924 316.6762947 8.9692131
215 3 107.492 3628.603 316.6879258 8.9695626
214 3 1990.988 3628.269 316.5835329 8.9702387
216 3 1811.281 3635.024 316.5934450 8.9705424
217 3 949.894 3669.921 316.6410005 8.9721638
218 3 1800.651 3669.701 316.5940180 8.9724675
219 3 1727.460 3682.324 316.5980287 8.9731379
221 3 1481.930 3691.728 316.6115505 8.9735733
223 3 445.791 3733.178 316.6690755 8.9755099
224 3 523.338 3768.234 316.6647783 8.9774924
225 3 1090.892 3780.170 316.6332083 8.9783518
227 3 866.544 3823.624 316.6456988 8.9806895
229 3 142.777 3831.140 316.6860350 8.9808785
228 3 789.403 3828.564 316.6499960 8.9809416
230 3 1903.242 3831.123 316.5883457 8.9814572
231 3 1326.296 3837.167 316.6202022 8.9816005
232 3 1818.632 3849.833 316.5930440 8.9824656
233 3 381.741 3860.065 316.6726851 8.9825573
235 3 1236.354 3901.263 316.6251869 8.9851299
236 3 1856.718 3908.917 316.5909813 8.9857601
237 3 698.439 3928.328 316.6550380 8.9864706
239 3 1285.838 3954.304 316.6224367 8.9880978
240 3 335.580 3966.558 316.6752634 8.9884817
242 3 1667.495 3966.217 316.6014092 8.9888770
243 3 218.111 3992.938 316.6818524 8.9899255
244 3 199.271 4018.251 316.6829411 8.9913293
245 3 863.533 4018.701 316.6458707 8.9915585
246 3 319.832 4067.548 316.6761802 8.9941196
247 3 1642.338 4088.294 316.6027843 8.9956437
248 3 311.455 4097.964 316.6766385 8.9958098
249 3 1884.450 4127.524 316.5894916 8.9978897
250 3 84.891 4155.234 316.6893582 8.9989439
2 4 851.056 43.392 316.7649886 8.7701447
3 4 754.258 47.780 316.7704317 8.7703223
1 4 1730.893 39.374 316.7157715 8.7705515
6 4 1218.962 60.024 316.7443621 8.7713078
7 4 571.234 70.745 316.7806877 8.7714682
8 4 289.874 87.880 316.7965013 8.7722474
10 4 657.437 117.233 316.7758748 8.7740694
9 4 2017.645 105.366 316.6997860 8.7743845
11 4 674.383 127.078 316.7749008 8.7746195
12 4 529.158 148.776 316.7830368 8.7757253
14 4 1695.978 152.209 316.7177196 8.7766993
13 4 2027.228 148.280 316.6992131 8.7767394
15 4 1772.748 173.086 316.7134224 8.7779025
16 4 1969.042 180.000 316.7024789 8.7784354
17 4 1829.414 192.323 316.7102711 8.7790026
18 4 1793.602 209.489 316.7122192 8.7799193
19 4 1905.438 233.332 316.7060313 8.7813059
20 4 1005.253 245.348 316.7563369 8.7813173
21 4 64.921 273.783 316.8091637 8.7823372
23 4 602.416 312.034 316.7789115 8.7847322
22 4 1889.898 307.101 316.7068334 8.7853395
24 4 1151.408 341.068 316.7480864 8.7866688
25 4 203.079 366.754 316.8013714 8.7875167
26 4 894.925 386.122 316.7625249 8.7889778
30 4 483.986 443.707 316.7855578 8.7918999
32 4 290.570 451.364 316.7964440 8.7922322
34 4 1906.256 462.617 316.7059167 8.7938880
36 4 1431.634 502.502 316.7323873 8.7957387
37 4 895.620 509.532 316.7624676 8.7957673
38 4 657.216 539.232 316.7758175 8.7972628
39 4 2028.833 540.500 316.6990412 8.7982597
43 4 1576.438 556.048 316.7243086 8.7987811
42 4 1904.493 554.710 316.7059740 8.7989472
44 4 1704.652 558.860 316.7171466 8.7990217
46 4 2020.428 567.725 316.6994995 8.7997494
48 4 1673.370 580.976 316.7188655 8.8002192
50 4 641.462 609.488 316.7767342 8.8011188
49 4 1999.638 599.254 316.7006455 8.8014683
52 4 1088.528 667.344 316.7515814 8.8045737
55 4 1381.689 705.487 316.7351948 8.8068770
56 4 1055.393 716.003 316.7534722 8.8072609
57 4 89.218 728.431 316.8077886 8.8073812
58 4 41.430 739.439 316.8105388 8.8079713
59 4 1101.947 746.770 316.7508938 8.8089625
60 4 984.310 759.260 316.7574829 8.8096157
61 4 803.165 793.851 316.7676242 8.8113804
62 4 356.962 803.684 316.7927771 8.8116784
63 4 515.637 819.039 316.7838389 8.8126066
64 4 740.802 849.001 316.7711193 8.8143827
65 4 234.889 861.367 316.7995953 8.8148010
69 4 182.928 910.095 316.8025173 8.8174824
72 4 218.257 919.640 316.8005120 8.8180153
70 4 1107.891 913.379 316.7504928 8.8181528
73 4 1355.286 933.729 316.7366272 8.8194419
76 4 792.748 956.543 316.7681972 8.8203530
77 4 260.177 963.040 316.7981629 8.8204332
80 4 1032.421 1020.052 316.7547327 8.8240027
82 4 261.603 1050.258 316.7981629 8.8252575
83 4 467.835 1057.031 316.7864745 8.8257330
84 4 130.484 1109.851 316.8054967 8.8284890
85 4 545.440 1113.951 316.7821200 8.8289129
86 4 1048.823 1129.048 316.7538159 8.8300359
89 4 326.758 1176.151 316.7944386 8.8322476
90 4 1233.953 1177.074 316.7433881 8.8327804
92 4 288.793 1198.082 316.7966159 8.8334450
91 4 1232.423 1193.070 316.7435027 8.8336857
93 4 731.831 1203.435 316.7716349 8.8339779
94 4 1655.667 1216.414 316.7197249 8.8352441
96 4 1359.407 1247.773 316.7363407 8.8367911
97 4 643.710 1300.610 316.7766197 8.8393064
99 4 1158.421 1317.035 316.7476280 8.8405039
100 4 1310.542 1360.614 316.7390909 8.8430020
102 4 802.543 1372.164 316.7676242 8.8433629
103 4 304.765 1391.864 316.7956991 8.8441937
104 4 1960.833 1394.421 316.7026508 8.8452823
105 4 1121.476 1423.786 316.7497479 8.8463882
106 4 721.797 1433.320 316.7722079 8.8467033
107 4 1073.160 1438.036 316.7524408 8.8471559
108 4 236.006 1449.855 316.7995953 8.8473794
111 4 411.710 1476.513 316.7896831 8.8489378
110 4 1574.860 1475.141 316.7242513 8.8495108
114 4 75.855 1502.289 316.8086480 8.8502098
113 4 1386.761 1495.228 316.7347937 8.8505077
112 4 1599.378 1494.513 316.7228762 8.8505994
115 4 1315.226 1500.829 316.7388044 8.8507770
119 4 853.207 1521.549 316.7648167 8.8516651
118 4 587.669 1527.161 316.7797709 8.8518313
122 4 109.203 1553.645 316.8067572 8.8530803
121 4 1591.927 1541.567 316.7232773 8.8532006
123 4 1112.182 1556.248 316.7502063 8.8537277
125 4 1402.333 1567.314 316.7339343 8.8545070
124 4 1775.682 1569.135 316.7130213 8.8548336
127 4 615.207 1599.196 316.7782239 8.8558477
128 4 996.139 1634.464 316.7567380 8.8580077
129 4 946.089 1655.054 316.7595455 8.8591250
131 4 1283.828 1665.191 316.7405806 8.8598698
132 4 1754.515 1695.237 316.7141673 8.8618122
133 4 192.570 1711.149 316.8020590 8.8618637
135 4 176.762 1722.581 316.8029757 8.8624940
134 4 1385.204 1718.892 316.7349083 8.8629065
136 4 268.015 1730.829 316.7978191 8.8629925
138 4 983.290 1734.534 316.7574829 8.8635540
137 4 1694.883 1735.634 316.7174904 8.8640181
139 4 1547.343 1751.312 316.7257983 8.8647973
141 4 1153.993 1764.098 316.7478572 8.8652843
146 4 220.743 1829.860 316.8005120 8.8684814
145 4 1127.748 1826.191 316.7493469 8.8687220
148 4 485.883 1855.449 316.7855578 8.8700227
149 4 1839.370 1863.925 316.7094117 8.8712144
150 4 1531.137 1881.483 316.7267150 8.8720166
151 4 637.771 1899.941 316.7769634 8.8725666
152 4 1787.602 1902.463 316.7123338 8.8733229
154 4 112.165 1944.458 316.8066426 8.8748126
155 4 1878.321 1956.601 316.7072345 8.8763768
156 4 1630.900 1965.278 316.7211000 8.8767263
157 4 234.277 1995.081 316.7997671 8.8776831
159 4 300.155 2061.058 316.7960429 8.8813844
158 4 1922.502 2059.951 316.7047707 8.8821407
160 4 669.203 2086.531 316.7751873 8.8829658
162 4 592.704 2127.107 316.7795417 8.8851889
161 4 323.766 2129.765 316.7947251 8.8852232
163 4 1857.784 2142.957 316.7083804 8.8867244
164 4 264.521 2167.740 316.7981056 8.8873145
166 4 94.552 2179.484 316.8076740 8.8878989
165 4 1163.251 2177.789 316.7473988 8.8882886
168 4 1657.704 2201.137 316.7196104 8.8898470
170 4 1695.281 2215.318 316.7174904 8.8906549
169 4 1540.392 2217.675 316.7261994 8.8907064
171 4 907.404 2260.918 316.7617800 8.8927977
172 4 1064.972 2279.066 316.7528992 8.8938864
174 4 1367.471 2340.541 316.7358824 8.8974559
175 4 592.015 2360.350 316.7795990 8.8981950
178 4 1623.496 2382.581 316.7215011 8.8999196
180 4 222.044 2396.974 316.8005120 8.9000800
179 4 1852.156 2392.522 316.7086669 8.9005957
181 4 293.319 2411.708 316.7965013 8.9009280
182 4 168.798 2437.272 316.8035487 8.9023031
183 4 265.493 2442.017 316.7981056 8.9026068
184 4 927.065 2440.647 316.7606914 8.9028245
186 4 702.101 2464.513 316.7734111 8.9040449
185 4 1021.954 2466.064 316.7553629 8.9042855
187 4 1741.417 2478.189 316.7149121 8.9053054
188 4 1252.768 2484.281 316.7423568 8.9054085
191 4 289.679 2539.530 316.7967305 8.9080671
192 4 1222.896 2538.308 316.7440184 8.9084051
196 4 684.301 2566.187 316.7744424 8.9097114
198 4 562.373 2572.478 316.7813179 8.9100208
201 4 1640.087 2592.938 316.7205844 8.9116480
203 4 217.691 2622.001 316.8007985 8.9126393
204 4 1555.631 2628.901 316.7253399 8.9136018
205 4 301.006 2638.764 316.7961002 8.9136133
206 4 278.526 2653.931 316.7973607 8.9144441
209 4 136.570 2672.299 316.8053821 8.9154181
211 4 976.094 2727.272 316.7579985 8.9188387
213 4 411.356 2777.688 316.7899123 8.9214112
215 4 1824.550 2810.986 316.7102711 8.9238807
217 4 1749.508 2831.584 316.7144537 8.9249980
218 4 1554.211 2840.589 316.7254545 8.9254105
220 4 1111.085 2852.582 316.7503782 8.9258918
221 4 113.109 2874.462 316.8067572 8.9267168
222 4 344.089 2877.202 316.7936938 8.9269517
223 4 1346.773 2879.938 316.7370856 8.9275190
224 4 541.283 2897.594 316.7825784 8.9281664
225 4 1688.327 2916.844 316.7179488 8.9297306
226 4 1058.938 2977.218 316.7533576 8.9328303
229 4 811.102 3021.677 316.7673377 8.9352138
228 4 1427.758 3022.505 316.7325592 8.9355060
230 4 1323.705 3062.208 316.7384034 8.9376832
231 4 234.753 3069.837 316.7999390 8.9376832
232 4 664.163 3071.464 316.7756456 8.9379353
235 4 18.803 3100.375 316.8121430 8.9393219
234 4 660.942 3099.838 316.7758175 8.9395224
236 4 367.941 3109.153 316.7923760 8.9399350
238 4 189.033 3120.839 316.8025173 8.9405308
237 4 1732.300 3110.569 316.7154851 8.9405538
239 4 884.033 3130.409 316.7632697 8.9413215
240 4 1694.377 3134.122 316.7176050 8.9418544
241 4 1115.542 3162.572 316.7501490 8.9432123
242 4 89.948 3189.400 316.8081896 8.9443410
243 4 102.618 3196.650 316.8074448 8.9447421
244 4 1809.715 3202.403 316.7111306 8.9457104
245 4 1945.398 3225.338 316.7035102 8.9470454
247 4 1261.150 3259.236 316.7420130 8.9486726
246 4 809.017 3263.274 316.7675096 8.9487127
250 4 78.151 3279.134 316.8088199 8.9493544
251 4 653.681 3277.845 316.7762759 8.9494747
248 4 1832.216 3270.129 316.7098701 8.9494976
252 4 260.131 3291.273 316.7985639 8.9500878
253 4 1858.916 3303.181 316.7083804 8.9513540
254 4 105.160 3316.765 316.8073302 8.9514686
257 4 683.973 3375.216 316.7745570 8.9549407
261 4 570.258 3489.598 316.7810314 8.9612948
263 4 86.075 3514.725 316.8084761 8.9625382
265 4 320.254 3529.225 316.7951835 8.9634320
266 4 682.294 3532.941 316.7747289 8.9637643
267 4 235.332 3569.023 316.7999963 8.9656321
268 4 1670.813 3572.895 316.7189801 8.9663426
270 4 149.358 3619.465 316.8049238 8.9684339
271 4 823.276 3618.211 316.7667648 8.9685829
272 4 820.920 3657.032 316.7668794 8.9707601
273 4 771.498 3660.687 316.7696869 8.9709492
274 4 943.089 3676.540 316.7600039 8.9718888
277 4 1062.674 3689.427 316.7533003 8.9726509
278 4 483.607 3705.952 316.7859589 8.9733842
280 4 372.470 3713.079 316.7922614 8.9737452
279 4 423.695 3714.410 316.7893966 8.9738369
283 4 637.693 3728.899 316.7773072 8.9747192
281 4 806.774 3728.153 316.7677388 8.9747364
282 4 1614.332 3729.789 316.7221887 8.9750917
286 4 1131.696 3734.116 316.7493469 8.9751776
284 4 1537.383 3738.036 316.7265431 8.9755271
287 4 804.281 3772.082 316.7678534 8.9771887
289 4 1510.872 3856.016 316.7280328 8.9821104
292 4 1694.681 3868.023 316.7177196 8.9828438
293 4 1755.851 3895.123 316.7142818 8.9843736
294 4 1574.702 3901.178 316.7244232 8.9846543
295 4 1535.173 3925.317 316.7267150 8.9859950
297 4 345.604 3944.264 316.7938657 8.9867055
298 4 959.955 3944.431 316.7591444 8.9869003
300 4 180.214 3972.414 316.8032622 8.9882181
301 4 1298.495 3992.956 316.7400077 8.9897078
304 4 1222.091 4059.913 316.7443621 8.9934320
305 4 2033.453 4068.208 316.6987547 8.9941253
306 4 1943.855 4091.672 316.7037967 8.9954087
307 4 1081.697 4099.393 316.7522689 8.9956036
308 4 271.323 4106.877 316.7981056 8.9957926
309 4 1423.192 4132.501 316.7330749 8.9975516
310 4 1679.320 4142.439 316.7186363 8.9981761
0 5 2007.603 32.156 316.8195915 8.7686492
1 5 1495.433 47.825 316.8484686 8.7692967
2 5 299.920 53.809 316.9157911 8.7693081
3 5 1203.037 60.041 316.8649125 8.7698696
4 5 937.130 79.393 316.8799239 8.7708494
5 5 915.478 103.406 316.8811272 8.7721729
8 5 1418.907 148.398 316.8527657 8.7747856
9 5 1297.932 150.602 316.8595839 8.7748658
11 5 1800.106 180.795 316.8313371 8.7767165
12 5 2028.201 182.980 316.8184456 8.7769399
13 5 1416.102 214.350 316.8529376 8.7784124
14 5 1962.565 234.738 316.8221698 8.7797589
15 5 322.053 255.413 316.9146452 8.7803834
17 5 1892.949 284.303 316.8261232 8.7824461
19 5 1335.171 311.750 316.8575213 8.7837409
20 5 1266.418 327.512 316.8614174 8.7845832
21 5 213.799 357.826 316.9207758 8.7859927
22 5 1096.861 421.790 316.8709858 8.7897112
23 5 107.233 439.261 316.9267919 8.7904617
24 5 890.469 450.427 316.8826741 8.7912410
25 5 1040.334 454.547 316.8741944 8.7915045
26 5 942.648 466.521 316.8796948 8.7921462
27 5 1593.772 467.037 316.8429682 8.7923697
29 5 1749.706 522.906 316.8342019 8.7955210
30 5 627.730 531.966 316.8975137 8.7956642
31 5 1108.932 554.420 316.8703556 8.7970336
33 5 1763.881 557.527 316.8334571 8.7974289
36 5 785.969 620.522 316.8885756 8.8005859
35 5 976.909 622.349 316.8778040 8.8007406
37 5 1914.674 621.675 316.8249200 8.8010328
39 5 1361.193 634.096 316.8561462 8.8015084
40 5 439.384 662.563 316.9081708 8.8028204
42 5 430.829 686.487 316.9086864 8.8041382
41 5 1886.878 686.219 316.8264670 8.8045794
43 5 1834.107 706.145 316.8294464 8.8056509
44 5 1992.867 708.489 316.8205655 8.8058514
46 5 906.089 747.732 316.8818720 8.8076447
47 5 1750.705 757.291 316.8342019 8.8084469
48 5 1951.609 760.996 316.8228573 8.8087334
49 5 698.741 802.121 316.8936176 8.8105955
50 5 653.123 806.958 316.8961387 8.8108476
51 5 1057.689 807.482 316.8733349 8.8109794
53 5 1326.668 820.418 316.8581515 8.8117758
54 5 1992.160 842.730 316.8205655 8.8132655
55 5 1894.745 854.982 316.8260659 8.8138957
56 5 1017.816 865.053 316.8755695 8.8141535
57 5 1506.937 887.199 316.8479529 8.8155286
58 5 1305.407 925.511 316.8593548 8.8175798
60 5 1010.592 938.633 316.8760278 8.8182215
59 5 1883.848 935.885 316.8266962 8.8183705
61 5 1950.225 946.099 316.8229719 8.8189607
63 5 1862.876 965.423 316.8278994 8.8199805
65 5 1739.088 988.353 316.8348895 8.8212124
66 5 800.435 1003.575 316.8878881 8.8217567
67 5 945.805 1033.418 316.8796948 8.8234412
68 5 731.564 1074.047 316.8918415 8.8256356
69 5 125.168 1083.122 316.9261043 8.8260023
71 5 314.551 1083.637 316.9153900 8.8260653
70 5 73.436 1087.145 316.9290264 8.8262200
72 5 1243.140 1094.431 316.8629071 8.8269076
74 5 1277.042 1106.379 316.8610163 8.8275779
75 5 1837.637 1110.175 316.8293318 8.8279847
76 5 620.555 1174.686 316.8981440 8.8311704
82 5 1606.321 1272.133 316.8423952 8.8368656
83 5 84.363 1285.217 316.9285108 8.8371922
84 5 831.620 1298.457 316.8862265 8.8381032
85 5 1879.200 1303.499 316.8270399 8.8387048
88 5 444.214 1321.792 316.9081708 8.8392892
87 5 1381.958 1324.829 316.8551149 8.8397075
86 5 1747.676 1325.274 316.8344311 8.8398679
89 5 1120.454 1332.823 316.8698972 8.8400856
90 5 1093.488 1336.361 316.8714442 8.8402690
93 5 195.990 1367.975 316.9222082 8.8418045
95 5 1553.000 1393.567 316.8454892 8.8435864
96 5 725.177 1406.733 316.8922998 8.8440791
97 5 1333.069 1407.461 316.8579224 8.8442797
98 5 1803.493 1415.617 316.8312798 8.8449042
99 5 556.870 1473.942 316.9018682 8.8477575
100 5 850.243 1495.789 316.8852525 8.8490295
101 5 1738.975 1501.580 316.8349468 8.8496540
103 5 1395.658 1512.031 316.8543700 8.8501009
105 5 113.587 1533.363 316.9269065 8.8509604
106 5 350.522 1556.033 316.9135566 8.8522724
107 5 819.442 1557.681 316.8870286 8.8524730
108 5 1624.008 1567.185 316.8414785 8.8532522
110 5 1081.611 1592.674 316.8721890 8.8544898
111 5 1911.515 1646.387 316.8252638 8.8577614
114 5 337.666 1706.439 316.9143587 8.8606262
115 5 1385.422 1702.481 316.8550003 8.8606949
116 5 703.911 1711.229 316.8936176 8.8609757
117 5 598.260 1740.458 316.8995764 8.8625742
119 5 157.650 1746.681 316.9245001 8.8628263
118 5 1923.841 1737.949 316.8245762 8.8628550
120 5 1328.210 1744.537 316.8582661 8.8630154
122 5 485.888 1765.979 316.9059935 8.8639722
123 5 1353.382 1784.967 316.8568337 8.8652671
124 5 1055.452 1796.954 316.8737360 8.8658401
125 5 1332.848 1807.694 316.8580370 8.8665276
126 5 1153.612 1835.247 316.8681783 8.8680001
128 5 700.516 1887.006 316.8938468 8.8707618
127 5 1182.110 1884.772 316.8665740 8.8707618
130 5 751.606 1907.914 316.8909820 8.8719306
129 5 1705.432 1905.796 316.8369521 8.8721197
131 5 1158.770 1928.732 316.8678918 8.8732140
132 5 932.036 1932.174 316.8807261 8.8733344
133 5 1278.329 1936.792 316.8611309 8.8737011
134 5 1163.747 1943.829 316.8676626 8.8740563
135 5 101.753 1954.484 316.9277659 8.8743771
136 5 635.591 1967.188 316.8975710 8.8752022
137 5 1189.527 1973.567 316.8661730 8.8757179
138 5 20.537 1989.105 316.9324069 8.8762851
140 5 1311.986 2044.479 316.8592975 8.8797056
141 5 1256.677 2056.721 316.8623914 8.8803703
142 5 1134.798 2070.285 316.8693242 8.8810865
143 5 544.235 2096.437 316.9027850 8.8823871
144 5 100.399 2104.310 316.9278805 8.8827194
145 5 606.622 2119.515 316.8992326 8.8836877
149 5 991.687 2169.979 316.8774602 8.8866384
148 5 1321.438 2169.297 316.8587818 8.8866671
147 5 1971.711 2167.800 316.8219406 8.8868161
150 5 211.373 2191.667 316.9216926 8.8876182
151 5 380.297 2203.522 316.9120669 8.8883229
153 5 795.425 2267.090 316.8885756 8.8919727
154 5 1312.246 2285.634 316.8592975 8.8931587
155 5 14.714 2306.285 316.9328652 8.8939723
156 5 487.468 2317.898 316.9060508 8.8947286
160 5 156.106 2352.373 316.9248438 8.8965735
161 5 1515.135 2378.905 316.8478383 8.8984299
162 5 516.369 2393.493 316.9044465 8.8989570
164 5 1185.136 2400.850 316.8665740 8.8995472
165 5 1306.178 2440.484 316.8596985 8.9018046
166 5 1267.558 2442.069 316.8618758 8.9018791
169 5 1428.394 2447.567 316.8527657 8.9022401
172 5 377.539 2485.369 316.9123534 8.9040564
173 5 552.918 2504.692 316.9024412 8.9051736
174 5 455.971 2534.723 316.9079416 8.9068295
175 5 140.661 2536.457 316.9258179 8.9068467
176 5 1770.325 2533.621 316.8333998 8.9071561
177 5 893.355 2549.320 316.8831325 8.9077577
178 5 1297.896 2569.392 316.8602142 8.9090124
179 5 1991.893 2574.626 316.8209093 8.9095338
180 5 1457.451 2582.737 316.8511615 8.9097974
181 5 1032.063 2593.229 316.8752830 8.9102558
182 5 186.271 2626.118 316.9232396 8.9118658
183 5 1237.813 2630.996 316.8635946 8.9124215
184 5 2011.291 2652.464 316.8198207 8.9138826
186 5 1821.103 2722.449 316.8305923 8.9177214
187 5 43.344 2737.788 316.9314329 8.9180766
188 5 96.245 2740.601 316.9283962 8.9182428
189 5 376.248 2753.971 316.9125252 8.9190678
190 5 1802.568 2756.407 316.8316809 8.9196236
192 5 1725.361 2770.618 316.8360354 8.9203914
193 5 1998.390 2786.732 316.8205655 8.9213826
194 5 1722.981 2800.455 316.8361500 8.9220587
195 5 1091.621 2816.697 316.8719598 8.9227692
196 5 1057.808 2818.872 316.8739079 8.9228780
199 5 1608.020 2831.226 316.8426817 8.9237432
201 5 1590.634 2850.773 316.8436557 8.9248261
203 5 1342.601 2860.012 316.8577505 8.9252673
202 5 1632.047 2859.062 316.8413066 8.9253074
204 5 640.813 2890.525 316.8975710 8.9267799
205 5 1180.930 2905.025 316.8669178 8.9277367
206 5 581.785 2957.533 316.9009515 8.9305041
209 5 1782.406 2967.715 316.8328268 8.9314323
208 5 1606.500 2969.098 316.8427963 8.9314552
212 5 663.449 2990.567 316.8963105 8.9323662
211 5 1425.143 2993.208 316.8531095 8.9327501
213 5 633.490 3009.011 316.8980294 8.9334033
214 5 85.425 3037.691 316.9290837 8.9348586
215 5 1244.262 3036.061 316.8633655 8.9350935
216 5 37.547 3043.718 316.9318339 8.9351909
218 5 1626.802 3089.676 316.8417077 8.9382104
219 5 141.663 3098.803 316.9259898 8.9382963
221 5 1216.667 3127.961 316.8649697 8.9402329
222 5 1254.637 3137.814 316.8628498 8.9407944
223 5 525.368 3151.938 316.9042174 8.9413731
224 5 842.583 3171.981 316.8862265 8.9425878
228 5 651.749 3232.055 316.8970554 8.9458995
227 5 1113.586 3231.979 316.8708712 8.9460255
230 5 134.901 3253.755 316.9263908 8.9469709
231 5 1943.329 3299.688 316.8237741 8.9500763
232 5 1991.627 3304.356 316.8210812 8.9503456
233 5 1402.397 3327.024 316.8544846 8.9514400
234 5 1846.858 3330.873 316.8292745 8.9517895
235 5 1281.884 3346.211 316.8613028 8.9524770
239 5 254.166 3416.655 316.9196872 8.9561210
240 5 868.431 3419.445 316.8848514 8.9564591
241 5 1712.884 3432.199 316.8368948 8.9574274
242 5 880.096 3462.395 316.8841638 8.9588712
243 5 1086.412 3467.777 316.8724755 8.9592322
244 5 1268.234 3481.266 316.8621623 8.9600458
246 5 403.212 3498.082 316.9112647 8.9607276
245 5 2021.828 3496.735 316.8193623 8.9611287
247 5 766.302 3519.012 316.8906383 8.9620110
248 5 1098.285 3531.685 316.8717879 8.9628132
249 5 1601.251 3545.455 316.8432546 8.9637528
250 5 19.053 3582.285 316.9330944 8.9653457
252 5 483.362 3591.653 316.9067384 8.9659988
251 5 1162.950 3590.468 316.8681783 8.9661363
253 5 1425.619 3608.838 316.8532241 8.9672421
254 5 1161.303 3627.197 316.8682929 8.9681933
256 5 357.999 3655.038 316.9138430 8.9695111
260 5 1631.996 3708.743 316.8415358 8.9729030
261 5 2022.887 3706.800 316.8193623 8.9729144
262 5 392.078 3715.738 316.9119523 8.9729259
263 5 1766.705 3725.149 316.8339154 8.9738598
265 5 1749.376 3768.281 316.8348895 8.9762777
267 5 904.611 3821.758 316.8829033 8.9790222
268 5 433.349 3837.615 316.9096605 8.9797670
269 5 590.421 3844.219 316.9007223 8.9801967
270 5 666.369 3868.397 316.8964251 8.9815718
271 5 151.976 3872.313 316.9256460 8.9816348
272 5 420.439 3879.099 316.9104053 8.9820875
273 5 957.895 3896.009 316.8798666 8.9831990
274 5 859.124 3901.722 316.8854816 8.9834970
275 5 1951.386 3907.503 316.8234876 8.9841272
276 5 780.324 3924.881 316.8899507 8.9847746
277 5 1655.489 3935.708 316.8402753 8.9856341
278 5 1635.335 3956.591 316.8414212 8.9868029
279 5 1552.938 4004.308 316.8461194 8.9894443
283 5 257.236 4037.862 316.9196872 8.9909454
281 5 451.935 4037.392 316.9086864 8.9909741
282 5 1594.241 4034.768 316.8437703 8.9911689
286 5 557.027 4052.482 316.9026704 8.9918564
284 5 1749.858 4052.064 316.8349468 8.9921773
288 5 92.054 4067.426 316.9290837 8.9925554
287 5 1808.836 4063.410 316.8316236 8.9928362
289 5 956.282 4075.534 316.8800385 8.9932659
290 5 1071.545 4085.178 316.8735068 8.9938446
291 5 1199.713 4091.869 316.8662303 8.9942514
294 5 94.356 4107.156 316.9289691 8.9947842
293 5 640.203 4104.181 316.8979721 8.9947842
295 5 1344.827 4155.906 316.8579797 8.9978839
0 6 1878.214 18.939 317.0677395 9.0033900
1 6 1852.476 44.691 317.0692292 9.0048282
4 6 927.452 146.501 317.1207381 9.0101510
6 6 165.404 170.525 317.1627932 9.0111880
10 6 1582.019 304.160 317.0844126 9.0191980
11 6 996.836 316.658 317.1169566 9.0196449
13 6 548.412 341.549 317.1417657 9.0208309
14 6 244.990 360.508 317.1584960 9.0217419
16 6 872.627 473.401 317.1238321 9.0283023
18 6 818.159 535.035 317.1268688 9.0317056
19 6 1702.840 592.254 317.0777090 9.0352981
20 6 431.277 607.881 317.1482974 9.0355559
21 6 745.099 606.354 317.1309368 9.0356304
23 6 41.136 620.971 317.1697833 9.0360945
22 6 1880.892 617.492 317.0677395 9.0367820
24 6 1147.308 681.669 317.1087060 9.0400135
25 6 705.304 693.886 317.1331713 9.0404719
26 6 1665.308 706.672 317.0798289 9.0416579
28 6 1399.541 715.339 317.0946685 9.0420131
27 6 1626.357 713.664 317.0820062 9.0420303
30 6 1355.086 734.894 317.0971322 9.0430788
32 6 1074.207 820.728 317.1127740 9.0477083
31 6 1764.662 814.932 317.0743285 9.0477370
33 6 384.009 828.939 317.1509330 9.0478000
35 6 1209.111 838.245 317.1052682 9.0487568
34 6 1233.751 839.091 317.1038931 9.0488141
36 6 140.086 864.224 317.1643975 9.0496220
37 6 968.231 876.355 317.1186755 9.0507450
38 6 1763.458 883.014 317.0743858 9.0515300
40 6 1831.204 902.116 317.0706043 9.0526300
41 6 656.693 924.305 317.1359215 9.0532374
45 6 239.980 990.947 317.1588971 9.0566923
44 6 1606.810 979.881 317.0831521 9.0568470
46 6 857.058 1059.659 317.1248634 9.0608634
47 6 419.999 1072.854 317.1489849 9.0613390
48 6 1759.782 1074.130 317.0746723 9.0621755
49 6 1395.861 1124.277 317.0948977 9.0647653
50 6 1782.442 1144.150 317.0734118 9.0660831
51 6 194.618 1178.511 317.1614181 9.0670571
53 6 929.768 1230.918 317.1207954 9.0704147
54 6 1232.564 1234.353 317.1040077 9.0707813
55 6 996.908 1292.328 317.1171285 9.0738696
56 6 1139.499 1326.662 317.1092217 9.0758578
58 6 500.827 1337.719 317.1445732 9.0760755
59 6 597.996 1342.832 317.1391873 9.0764135
60 6 82.721 1369.978 317.1676061 9.0775824
61 6 1398.312 1372.380 317.0947831 9.0785621
64 6 80.082 1426.448 317.1677206 9.0807050
63 6 2019.507 1411.085 317.0601192 9.0810717
66 6 905.772 1437.208 317.1221705 9.0818452
67 6 1073.399 1442.575 317.1128886 9.0822462
68 6 719.567 1465.353 317.1324837 9.0832833
69 6 70.790 1482.448 317.1682363 9.0837932
72 6 226.408 1508.988 317.1596992 9.0853688
71 6 800.677 1508.602 317.1279574 9.0857241
74 6 1469.412 1516.991 317.0908870 9.0866294
73 6 1872.966 1514.055 317.0683698 9.0867153
75 6 157.652 1536.301 317.1634808 9.0868299
76 6 1804.616 1577.700 317.0722086 9.0902103
77 6 1879.020 1617.273 317.0680260 9.0924506
78 6 1970.484 1633.359 317.0629267 9.0934074
82 6 1276.298 1674.729 317.1016013 9.0952638
83 6 824.574 1729.038 317.1266396 9.0979625
84 6 1823.621 1748.601 317.0711200 9.0997214
85 6 1538.804 1786.951 317.0870482 9.1016638
86 6 167.940 1838.375 317.1629078 9.1035259
87 6 590.580 1834.307 317.1396457 9.1036233
90 6 181.639 1854.225 317.1621630 9.1044140
88 6 1426.098 1842.746 317.0932934 9.1046890
92 6 213.910 1886.981 317.1603868 9.1062474
93 6 882.976 1904.650 317.1234310 9.1077314
95 6 141.454 1939.990 317.1643975 9.1091065
94 6 1319.237 1926.900 317.0992522 9.1092784
96 6 28.148 1946.348 317.1705854 9.1093815
97 6 1785.376 1961.256 317.0732399 9.1115301
98 6 531.193 1986.950 317.1429116 9.1120171
99 6 1895.165 1985.135 317.0671093 9.1129167
102 6 300.498 2028.050 317.1555739 9.1141084
101 6 1520.668 2012.274 317.0880222 9.1141428
103 6 1077.372 2040.449 317.1126594 9.1153861
105 6 415.194 2051.019 317.1492714 9.1154663
104 6 701.900 2049.562 317.1334578 9.1156096
107 6 1418.209 2057.286 317.0936945 9.1165664
106 6 2026.525 2054.411 317.0598327 9.1168586
109 6 689.393 2075.071 317.1341453 9.1169789
111 6 1264.375 2077.401 317.1022889 9.1175977
110 6 1329.848 2077.004 317.0986219 9.1176035
108 6 1410.866 2076.037 317.0941529 9.1176436
113 6 935.740 2135.634 317.1205089 9.1205656
114 6 1849.398 2137.883 317.0696876 9.1213506
115 6 483.550 2172.519 317.1454899 9.1222501
116 6 361.185 2188.027 317.1522508 9.1229893
117 6 89.668 2192.494 317.1672050 9.1230007
119 6 611.601 2258.753 317.1383852 9.1271031
118 6 1223.422 2255.621 317.1045234 9.1274125
120 6 1070.863 2261.269 317.1130032 9.1276016
124 6 108.987 2305.204 317.1661164 9.1292517
123 6 602.066 2303.767 317.1389582 9.1295725
122 6 1726.784 2293.178 317.0765058 9.1298648
125 6 571.139 2323.512 317.1406770 9.1306554
127 6 286.674 2403.463 317.1563188 9.1348208
128 6 1730.567 2409.169 317.0762766 9.1362647
129 6 555.774 2434.818 317.1414219 9.1367975
131 6 1436.234 2441.480 317.0926632 9.1378862
130 6 1793.442 2446.304 317.0727242 9.1383732
132 6 1828.103 2452.032 317.0708908 9.1387513
137 6 551.260 2556.590 317.1417084 9.1435069
138 6 757.286 2558.698 317.1303065 9.1437590
139 6 1528.230 2564.272 317.0875639 9.1447215
140 6 813.068 2600.121 317.1272125 9.1461253
141 6 1655.042 2600.056 317.0805165 9.1467899
142 6 827.225 2627.567 317.1264677 9.1476264
143 6 445.714 2636.027 317.1474952 9.1477525
144 6 778.904 2668.214 317.1291033 9.1498323
145 6 140.278 2680.270 317.1643402 9.1499698
146 6 760.584 2681.192 317.1301346 9.1505313
147 6 116.756 2696.387 317.1655434 9.1508293
149 6 419.307 2695.040 317.1489849 9.1509954
151 6 799.256 2703.103 317.1279574 9.1517632
150 6 980.966 2701.908 317.1179306 9.1518663
148 6 1816.266 2691.966 317.0715210 9.1519981
153 6 210.514 2746.731 317.1604441 9.1536196
152 6 1671.053 2738.771 317.0795997 9.1544676
157 6 761.969 2783.160 317.1300200 9.1561922
158 6 1966.847 2784.078 317.0630986 9.1572120
159 6 310.387 2812.132 317.1549437 9.1573209
160 6 1460.865 2842.788 317.0912881 9.1600310
161 6 1853.213 2856.747 317.0694584 9.1611139
163 6 800.052 2882.315 317.1279001 9.1616353
165 6 1459.536 2932.273 317.0913454 9.1649756
166 6 38.207 2960.176 317.1698979 9.1652334
167 6 1054.559 2975.620 317.1138053 9.1669981
168 6 1087.332 2984.443 317.1119719 9.1675023
170 6 200.268 3019.402 317.1609597 9.1686196
171 6 1709.404 3033.494 317.0774225 9.1707338
172 6 1895.064 3047.950 317.0670520 9.1717079
173 6 1786.997 3074.887 317.0730680 9.1730887
175 6 1684.423 3105.643 317.0787403 9.1746128
176 6 1952.583 3133.222 317.0638434 9.1764520
177 6 1922.330 3148.344 317.0655050 9.1772770
179 6 84.418 3194.169 317.1673196 9.1781078
180 6 228.028 3196.552 317.1594128 9.1783885
182 6 642.043 3249.760 317.1365517 9.1816945
183 6 309.697 3289.884 317.1548864 9.1835738
185 6 703.125 3297.918 317.1331713 9.1843931
189 6 403.087 3334.327 317.1496725 9.1860834
191 6 479.778 3364.035 317.1454899 9.1878137
190 6 1684.957 3361.279 317.0786830 9.1887820
192 6 1262.195 3374.072 317.1022316 9.1891143
193 6 1615.060 3380.357 317.0825791 9.1897675
196 6 488.970 3405.840 317.1449742 9.1900998
194 6 1625.461 3394.109 317.0820062 9.1905295
195 6 1920.711 3398.089 317.0655623 9.1909822
197 6 1565.752 3417.743 317.0853293 9.1917958
198 6 141.554 3471.928 317.1641110 9.1934058
199 6 628.163 3478.549 317.1372393 9.1942480
200 6 285.326 3487.708 317.1561469 9.1943855
202 6 135.654 3505.545 317.1643975 9.1952220
204 6 284.899 3516.168 317.1561469 9.1959554
203 6 915.556 3508.239 317.1213684 9.1961273
205 6 793.157 3514.833 317.1281293 9.1963794
201 6 1746.119 3504.925 317.0753026 9.1966774
206 6 1186.370 3513.763 317.1063569 9.1967003
207 6 964.072 3529.246 317.1186755 9.1973420
208 6 1309.261 3546.991 317.0995387 9.1986426
209 6 687.136 3570.654 317.1339734 9.1993359
210 6 579.723 3579.050 317.1399322 9.1996911
211 6 2025.579 3582.819 317.0596608 9.2012324
212 6 1000.134 3625.932 317.1166701 9.2026705
214 6 1746.306 3654.029 317.0752453 9.2049165
216 6 690.538 3673.135 317.1337442 9.2049451
213 6 1569.010 3658.659 317.0851001 9.2050082
217 6 1516.532 3675.668 317.0880222 9.2059192
220 6 104.514 3799.525 317.1660591 9.2112992
221 6 681.460 3809.316 317.1342026 9.2123649
222 6 1876.896 3835.736 317.0679687 9.2149834
223 6 1752.330 3842.329 317.0748442 9.2152469
225 6 16.802 3910.935 317.1707573 9.2172637
224 6 1613.824 3900.425 317.0825218 9.2183122
226 6 418.178 3927.255 317.1486984 9.2185758
228 6 1075.693 3956.711 317.1123729 9.2208390
229 6 327.970 3974.559 317.1536259 9.2210739
231 6 83.319 4004.627 317.1671477 9.2224719
230 6 1848.776 4003.904 317.0694584 9.2241736
232 6 666.459 4036.617 317.1349475 9.2248153
233 6 1815.106 4042.647 317.0712918 9.2262878
234 6 1589.839 4063.235 317.0838396 9.2272046
235 6 1292.787 4076.954 317.1002835 9.2276400
237 6 1764.645 4118.931 317.0741566 9.2303959
239 6 310.810 4153.542 317.1545426 9.2308314
238 6 812.909 4144.000 317.1268688 9.2308486
1 7 1399.515 16.185 316.9752641 9.0038541
2 7 1544.582 18.627 316.9670135 9.0040432
3 7 271.165 32.761 317.0388624 9.0043870
5 7 1822.472 107.240 316.9513145 9.0091024
6 7 1922.714 110.452 316.9456422 9.0093202
7 7 1206.091 126.045 316.9862076 9.0099447
8 7 1725.649 146.306 316.9568149 9.0112568
10 7 59.985 182.121 317.0507227 9.0126548
11 7 296.736 180.673 317.0374873 9.0126662
12 7 1416.083 178.406 316.9743474 9.0129527
14 7 205.529 193.665 317.0425867 9.0133595
17 7 143.754 230.654 317.0460817 9.0153935
16 7 1841.292 226.871 316.9502832 9.0158175
18 7 1746.085 250.996 316.9556690 9.0171353
19 7 1660.185 254.286 316.9605964 9.0172843
21 7 631.852 264.400 317.0186370 9.0174676
20 7 1826.365 260.294 316.9511426 9.0176853
22 7 577.004 270.434 317.0217310 9.0177885
23 7 113.579 314.987 317.0477433 9.0200918
24 7 1456.819 311.662 316.9721129 9.0204298
25 7 883.792 329.165 317.0044850 9.0211861
28 7 687.937 343.774 317.0154858 9.0219310
27 7 1462.254 343.106 316.9717691 9.0221888
29 7 1389.862 348.295 316.9758944 9.0224524
30 7 410.303 391.168 317.0311275 9.0244692
32 7 806.837 396.075 317.0087822 9.0248989
31 7 1255.622 395.688 316.9834574 9.0250536
34 7 1700.592 417.544 316.9583619 9.0264459
35 7 47.209 448.036 317.0515248 9.0275001
36 7 260.881 448.942 317.0395500 9.0276262
37 7 1567.101 463.577 316.9659249 9.0289726
39 7 269.933 474.283 317.0390343 9.0290528
38 7 1885.373 470.276 316.9478767 9.0294711
40 7 39.086 505.078 317.0519832 9.0306800
42 7 885.872 506.885 317.0044277 9.0311269
43 7 1655.870 518.140 316.9608829 9.0320666
44 7 1900.185 571.088 316.9470746 9.0351205
45 7 1916.740 612.883 316.9461579 9.0374696
46 7 1946.213 617.499 316.9444390 9.0377331
47 7 1396.299 667.927 316.9756079 9.0403458
48 7 200.822 687.186 317.0429877 9.0409131
49 7 1262.288 702.967 316.9832282 9.0422538
51 7 2022.707 721.146 316.9401991 9.0435658
50 7 1787.670 723.712 316.9534917 9.0436231
53 7 1205.372 728.605 316.9864368 9.0436633
52 7 1869.044 726.303 316.9489081 9.0438008
55 7 701.793 739.736 317.0147982 9.0440701
56 7 767.165 787.833 317.0111313 9.0467916
58 7 876.807 803.025 317.0049433 9.0476338
61 7 50.119 842.806 317.0514675 9.0495246
62 7 221.533 857.266 317.0418418 9.0504127
65 7 1941.367 886.857 316.9448401 9.0528077
66 7 1843.309 894.463 316.9503978 9.0532030
68 7 1768.902 921.056 316.9545803 9.0546640
70 7 155.751 961.431 317.0455660 9.0561938
69 7 1133.494 955.117 316.9905048 9.0562970
71 7 740.944 999.992 317.0126783 9.0586232
72 7 449.649 1067.223 317.0290649 9.0622385
73 7 708.699 1079.878 317.0145117 9.0630751
74 7 1484.122 1104.594 316.9707378 9.0648054
76 7 294.100 1162.218 317.0378311 9.0674639
75 7 1195.871 1157.806 316.9870671 9.0676473
77 7 1746.896 1187.440 316.9558981 9.0695609
78 7 472.512 1217.446 317.0278044 9.0706381
79 7 1320.192 1220.743 316.9800197 9.0712225
80 7 414.682 1246.224 317.0310702 9.0722080
81 7 1823.482 1269.891 316.9516010 9.0742019
82 7 1176.719 1277.834 316.9881557 9.0743623
83 7 607.506 1298.317 317.0202413 9.0752103
84 7 1224.232 1318.821 316.9854628 9.0766714
86 7 1065.663 1341.079 316.9944582 9.0778746
85 7 1690.490 1340.028 316.9591640 9.0780808
87 7 67.409 1370.928 317.0505508 9.0789689
88 7 1905.043 1379.623 316.9469600 9.0803784
91 7 1364.993 1465.876 316.9775560 9.0849391
92 7 505.295 1474.604 317.0259709 9.0849850
93 7 595.659 1495.090 317.0209289 9.0861710
94 7 684.738 1497.734 317.0159441 9.0863773
96 7 539.777 1504.103 317.0240228 9.0866752
95 7 413.084 1507.179 317.0311848 9.0867497
99 7 185.407 1550.317 317.0440191 9.0890243
101 7 938.679 1554.226 317.0016202 9.0896488
100 7 1632.259 1549.664 316.9624872 9.0897806
102 7 460.573 1562.424 317.0285492 9.0898494
103 7 483.622 1591.230 317.0272314 9.0914708
104 7 1011.130 1587.111 316.9975522 9.0915511
105 7 959.194 1597.571 317.0004170 9.0920954
106 7 1170.645 1602.879 316.9885567 9.0925136
107 7 136.492 1623.974 317.0467120 9.0930923
108 7 1164.581 1627.373 316.9889005 9.0938945
110 7 382.678 1648.291 317.0329037 9.0945992
109 7 1896.422 1637.725 316.9475330 9.0947825
111 7 344.583 1692.084 317.0350809 9.0970056
112 7 1795.506 1695.184 316.9532625 9.0979625
113 7 1511.021 1708.435 316.9693627 9.0985755
114 7 1067.395 1736.035 316.9944009 9.0998876
115 7 743.626 1749.590 317.0126210 9.1004606
116 7 1173.449 1767.275 316.9884422 9.1016752
117 7 1957.482 1773.735 316.9440952 9.1024029
120 7 1705.017 1803.290 316.9584192 9.1039327
119 7 1816.730 1801.863 316.9521166 9.1039384
121 7 58.165 1825.107 317.0511237 9.1042535
123 7 1169.597 1836.594 316.9886140 9.1055370
122 7 922.829 1842.462 317.0025369 9.1057490
124 7 1965.442 1841.900 316.9436941 9.1062188
125 7 366.432 1859.550 317.0338777 9.1063678
127 7 144.410 1868.542 317.0463109 9.1066886
126 7 712.409 1861.855 317.0143971 9.1066943
128 7 413.208 1871.183 317.0312421 9.1070553
130 7 1322.486 1885.721 316.9800197 9.1083502
129 7 2012.020 1881.227 316.9410585 9.1084361
133 7 684.270 1913.160 317.0160014 9.1095362
135 7 343.926 1941.250 317.0351382 9.1109228
136 7 1479.906 1956.996 316.9711388 9.1123838
137 7 599.688 1982.736 317.0207570 9.1133636
138 7 1092.538 1990.489 316.9930258 9.1140568
140 7 172.222 2041.021 317.0447639 9.1163429
139 7 1399.299 2040.440 316.9756652 9.1170076
141 7 1934.659 2045.914 316.9454703 9.1175805
143 7 1009.961 2098.136 316.9976668 9.1199984
144 7 717.813 2124.266 317.0140534 9.1212704
145 7 1634.101 2122.862 316.9624872 9.1217116
147 7 1362.104 2140.258 316.9778424 9.1225366
150 7 243.641 2176.169 317.0407532 9.1238487
149 7 663.639 2177.107 317.0172046 9.1242097
152 7 674.294 2238.529 317.0165744 9.1276302
153 7 545.127 2244.795 317.0238509 9.1278880
151 7 1553.646 2235.596 316.9670135 9.1279568
155 7 2033.232 2270.547 316.9399126 9.1301169
156 7 102.070 2347.271 317.0486600 9.1332739
157 7 1103.045 2358.039 316.9924529 9.1345172
158 7 830.595 2415.247 317.0078081 9.1375137
159 7 406.161 2422.555 317.0316432 9.1376283
160 7 1604.061 2431.640 316.9642060 9.1388946
163 7 1244.397 2455.727 316.9844887 9.1400118
162 7 846.462 2461.947 317.0069487 9.1401322
161 7 1903.376 2452.241 316.9473038 9.1401379
164 7 1727.782 2464.746 316.9572160 9.1407108
166 7 664.359 2501.474 317.0171473 9.1422120
165 7 2004.124 2488.393 316.9416315 9.1422292
167 7 148.669 2526.031 317.0460817 9.1432032
168 7 584.840 2530.633 317.0216164 9.1437704
171 7 1289.071 2562.761 316.9820250 9.1459763
174 7 586.333 2607.584 317.0215591 9.1480447
172 7 1965.947 2596.038 316.9438087 9.1481822
177 7 109.975 2618.942 317.0482017 9.1483140
176 7 1187.227 2608.335 316.9877546 9.1484400
175 7 1999.218 2607.932 316.9419180 9.1488698
178 7 672.764 2626.879 317.0167463 9.1491677
179 7 1636.914 2649.432 316.9623726 9.1509897
182 7 596.465 2684.207 317.0209862 9.1523075
181 7 700.464 2684.500 317.0151420 9.1523705
183 7 1516.920 2684.181 316.9691908 9.1528575
185 7 1143.394 2723.018 316.9902183 9.1547712
190 7 308.561 2783.072 317.0370863 9.1575329
188 7 1212.988 2774.581 316.9862649 9.1576819
187 7 1738.478 2775.224 316.9566430 9.1580027
189 7 937.218 2789.037 317.0017921 9.1583178
191 7 151.073 2821.967 317.0458525 9.1595554
192 7 1523.578 2845.178 316.9687897 9.1617728
196 7 1614.601 2883.134 316.9636904 9.1639443
199 7 425.676 2910.128 317.0304973 9.1646605
197 7 1883.860 2894.762 316.9485070 9.1647120
200 7 571.352 2957.266 317.0223613 9.1673820
201 7 679.129 2961.770 317.0163452 9.1677086
202 7 905.608 2964.463 317.0036255 9.1680008
204 7 709.324 2978.842 317.0146263 9.1686712
209 7 73.781 3037.090 317.0502070 9.1713813
208 7 642.955 3030.807 317.0183505 9.1715016
211 7 859.574 3061.012 317.0061465 9.1732835
212 7 1067.284 3109.520 316.9945155 9.1761426
213 7 1112.371 3110.619 316.9919372 9.1762170
214 7 1542.464 3113.231 316.9677584 9.1766124
216 7 1222.192 3139.383 316.9858065 9.1778672
218 7 919.808 3146.338 317.0028234 9.1780620
217 7 1751.339 3147.346 316.9560127 9.1786292
221 7 193.242 3185.906 317.0435034 9.1796892
222 7 801.186 3192.453 317.0094697 9.1805142
223 7 1471.885 3199.356 316.9717118 9.1813336
224 7 1922.434 3209.328 316.9463298 9.1821242
225 7 1296.167 3233.770 316.9816240 9.1831384
227 7 1369.487 3249.959 316.9774987 9.1840608
228 7 685.798 3303.287 317.0159441 9.1865532
229 7 570.008 3310.065 317.0224185 9.1868168
230 7 1359.032 3324.355 316.9780716 9.1881174
231 7 678.737 3340.851 317.0163452 9.1886216
232 7 795.021 3363.780 317.0098135 9.1899680
233 7 1986.246 3374.597 316.9427774 9.1912858
237 7 438.655 3453.449 317.0297524 9.1946147
236 7 1417.342 3442.985 316.9748058 9.1947522
235 7 614.506 3455.526 317.0198975 9.1948496
239 7 362.360 3469.087 317.0340496 9.1954169
238 7 1184.146 3467.817 316.9879265 9.1959726
241 7 601.181 3485.167 317.0206424 9.1964654
240 7 1824.122 3476.625 316.9518874 9.1968321
242 7 443.788 3499.181 317.0294659 9.1971529
243 7 18.966 3513.737 317.0531864 9.1975826
244 7 1365.715 3527.757 316.9777278 9.1993817
246 7 1289.979 3534.897 316.9819677 9.1997140
245 7 932.301 3539.659 317.0020785 9.1997427
248 7 950.391 3573.251 317.0010472 9.2016105
247 7 1002.637 3573.180 316.9981251 9.2016334
249 7 1888.946 3578.135 316.9482205 9.2024356
250 7 531.256 3611.513 317.0245385 9.2033752
252 7 541.320 3629.587 317.0239655 9.2043665
251 7 713.697 3626.554 317.0143398 9.2043836
253 7 1255.148 3639.217 316.9839158 9.2054322
255 7 465.817 3664.286 317.0281481 9.2062056
257 7 1984.306 3717.618 316.9428920 9.2101992
259 7 1088.410 3729.701 316.9933123 9.2103080
260 7 522.955 3764.308 317.0249969 9.2117462
261 7 47.518 3793.776 317.0515821 9.2129895
264 7 1053.640 3839.003 316.9952603 9.2162611
263 7 1591.523 3832.907 316.9650082 9.2163126
267 7 220.887 3861.067 317.0418418 9.2168168
266 7 702.880 3853.805 317.0149128 9.2168397
268 7 33.799 3869.394 317.0523269 9.2171148
269 7 1415.470 3873.402 316.9749203 9.2184211
271 7 790.666 3887.122 317.0099854 9.2187362
270 7 1903.712 3879.792 316.9474184 9.2190456
275 7 273.374 3911.206 317.0389197 9.2196243
278 7 68.704 3955.286 317.0503216 9.2218589
276 7 611.488 3952.038 317.0200121 9.2221167
279 7 1493.385 3958.010 316.9705659 9.2231079
280 7 1776.558 3955.468 316.9545803 9.2231423
281 7 407.568 3979.558 317.0314140 9.2234574
284 7 59.576 4037.135 317.0508373 9.2263279
286 7 1139.013 4059.989 316.9904475 9.2284765
289 7 1651.697 4148.888 316.9616277 9.2336618
0 8 1671.051 18.811 317.0764485 8.7679101
3 8 623.464 32.634 317.1343745 8.7689930
4 8 1591.978 40.515 317.0808602 8.7691133
6 8 418.127 86.365 317.1457764 8.7720010
9 8 1758.254 122.675 317.0716929 8.7735652
8 8 309.954 115.440 317.1517351 8.7736397
10 8 777.822 154.674 317.1260093 8.7756164
11 8 31.149 171.824 317.1671477 8.7768082
12 8 1606.001 187.595 317.0802300 8.7771634
13 8 1328.310 191.530 317.0955853 8.7774556
14 8 1089.029 193.395 317.1088779 8.7776332
15 8 976.804 194.616 317.1150658 8.7777363
17 8 1196.819 251.709 317.1029764 8.7807902
18 8 1682.487 273.960 317.0760474 8.7818674
19 8 941.241 272.379 317.1171285 8.7819992
20 8 162.051 285.608 317.1600430 8.7829904
21 8 531.751 298.392 317.1397030 8.7835633
22 8 935.766 302.760 317.1174150 8.7836665
23 8 1166.547 330.205 317.1046953 8.7850989
24 8 1325.263 332.890 317.0959290 8.7851963
27 8 1349.479 387.601 317.0946112 8.7881871
26 8 81.209 389.256 317.1645694 8.7886856
29 8 1134.944 403.309 317.1065288 8.7891153
30 8 825.620 404.974 317.1236029 8.7892986
28 8 129.980 401.980 317.1619338 8.7893617
31 8 188.663 473.050 317.1587825 8.7932349
32 8 1626.821 509.902 317.0793706 8.7948162
33 8 1944.279 519.002 317.0617235 8.7952402
34 8 768.591 538.873 317.1268688 8.7966497
35 8 1740.433 557.149 317.0730680 8.7973831
37 8 1566.146 585.656 317.0828083 8.7989931
40 8 321.588 672.309 317.1516778 8.8041039
41 8 168.633 684.181 317.1601003 8.8047914
43 8 291.126 702.946 317.1533394 8.8057884
44 8 1584.401 718.090 317.0818916 8.8062582
45 8 43.967 741.935 317.1669758 8.8080000
46 8 1090.986 757.686 317.1092790 8.8085615
48 8 823.740 773.453 317.1240613 8.8094954
49 8 562.230 812.141 317.1384998 8.8116956
50 8 835.483 839.692 317.1234883 8.8131337
52 8 529.275 863.773 317.1403906 8.8145432
55 8 1069.711 947.536 317.1106540 8.8189893
56 8 1519.260 959.662 317.0857304 8.8195623
59 8 37.222 986.165 317.1676061 8.8214072
60 8 1025.278 995.990 317.1131178 8.8216708
61 8 1041.745 1053.743 317.1122583 8.8248392
64 8 428.049 1058.040 317.1461774 8.8252231
65 8 1466.739 1069.064 317.0887098 8.8255955
66 8 1374.577 1075.594 317.0938664 8.8259737
67 8 188.691 1073.451 317.1593555 8.8261456
68 8 1297.119 1080.907 317.0981636 8.8262831
69 8 1959.771 1131.401 317.0613224 8.8289588
71 8 1761.690 1141.567 317.0723805 8.8295375
70 8 124.062 1135.648 317.1629078 8.8295948
73 8 1933.322 1162.595 317.0628694 8.8306662
72 8 708.696 1158.371 317.1307649 8.8306719
74 8 1490.889 1164.904 317.0874493 8.8308725
79 8 1356.102 1182.942 317.0949550 8.8318923
80 8 1271.368 1187.454 317.0996533 8.8321559
78 8 475.319 1186.202 317.1436564 8.8322705
82 8 1524.274 1190.455 317.0856158 8.8322705
81 8 302.251 1189.382 317.1531675 8.8324882
83 8 1339.956 1202.341 317.0958717 8.8329638
85 8 762.426 1211.060 317.1278428 8.8335596
86 8 1803.781 1239.914 317.0701459 8.8349576
88 8 562.893 1276.164 317.1389582 8.8371979
89 8 202.289 1286.260 317.1587825 8.8378167
90 8 1971.846 1309.531 317.0608067 8.8387793
91 8 1767.632 1316.878 317.0722086 8.8392090
93 8 1001.076 1319.974 317.1147793 8.8395069
92 8 831.369 1319.268 317.1241186 8.8395069
94 8 1203.721 1326.998 317.1035494 8.8398564
95 8 176.310 1356.094 317.1602722 8.8416784
96 8 566.821 1372.144 317.1387863 8.8424749
98 8 1653.791 1422.558 317.0786257 8.8450474
101 8 1865.855 1509.031 317.0668801 8.8498144
102 8 377.118 1522.682 317.1493860 8.8508057
103 8 1544.336 1531.236 317.0847564 8.8510749
104 8 1419.451 1537.290 317.0917464 8.8514245
106 8 849.167 1545.643 317.1233737 8.8519860
108 8 1074.795 1563.521 317.1108832 8.8529313
109 8 209.166 1570.883 317.1586679 8.8534986
111 8 850.611 1576.018 317.1232591 8.8536533
110 8 258.614 1575.781 317.1559750 8.8537564
112 8 641.923 1590.330 317.1348329 8.8544840
113 8 1545.666 1602.657 317.0847564 8.8550169
114 8 1798.485 1613.824 317.0707189 8.8556128
116 8 1261.605 1629.103 317.1005700 8.8565180
117 8 1903.921 1704.912 317.0648747 8.8606433
118 8 1710.901 1704.856 317.0756463 8.8606548
120 8 1330.472 1714.237 317.0967885 8.8612106
122 8 1233.592 1731.432 317.1021743 8.8621789
121 8 331.445 1741.415 317.1520789 8.8628607
123 8 757.889 1757.481 317.1285876 8.8636857
125 8 708.590 1782.500 317.1313378 8.8650780
128 8 960.451 1883.754 317.1174722 8.8706357
129 8 1566.078 1908.986 317.0838396 8.8719650
130 8 1989.088 1910.975 317.0602911 8.8720452
131 8 1486.438 1925.417 317.0883087 8.8728875
132 8 2000.129 1931.893 317.0596608 8.8732140
134 8 1406.680 1955.372 317.0927778 8.8745490
135 8 1556.886 1978.545 317.0844126 8.8758153
137 8 1421.772 1987.545 317.0919183 8.8763252
139 8 689.925 2000.605 317.1325410 8.8771216
140 8 109.438 2002.693 317.1645121 8.8773050
141 8 1910.999 2007.070 317.0647028 8.8773794
142 8 1704.786 2020.386 317.0762193 8.8781300
143 8 1171.790 2033.310 317.1058412 8.8788806
145 8 409.973 2034.634 317.1479536 8.8790410
144 8 158.738 2035.050 317.1618192 8.8790926
146 8 88.278 2047.463 317.1657153 8.8797859
147 8 203.059 2063.560 317.1594128 8.8806625
148 8 47.109 2081.225 317.1679498 8.8816537
149 8 834.090 2089.511 317.1245769 8.8820147
150 8 811.846 2107.607 317.1258374 8.8830231
152 8 187.413 2174.092 317.1603295 8.8867645
153 8 728.620 2180.316 317.1304784 8.8870452
154 8 42.274 2187.176 317.1683509 8.8874979
155 8 1262.277 2194.507 317.1009711 8.8877958
157 8 1169.807 2223.899 317.1060704 8.8894345
158 8 64.857 2233.499 317.1670904 8.8900418
160 8 1698.811 2257.827 317.0766777 8.8912966
161 8 1888.162 2278.405 317.0661352 8.8924368
162 8 1420.226 2362.829 317.0922621 8.8971293
163 8 540.259 2376.449 317.1410208 8.8979085
164 8 1163.079 2420.434 317.1065860 8.9003149
165 8 547.906 2431.251 317.1406770 8.9009395
166 8 251.085 2439.523 317.1570063 8.9014093
167 8 1585.550 2456.870 317.0831521 8.9023489
169 8 1123.721 2476.954 317.1088206 8.9034605
168 8 448.309 2477.355 317.1461774 8.9034891
170 8 433.727 2514.037 317.1470369 8.9055231
171 8 1971.448 2527.371 317.0616662 8.9062794
172 8 492.186 2537.805 317.1437710 8.9068409
173 8 1945.369 2560.318 317.0630986 8.9081072
174 8 894.707 2572.862 317.1215975 8.9087775
175 8 925.472 2600.017 317.1198787 8.9102844
176 8 430.418 2617.125 317.1472661 8.9112298
177 8 1027.962 2627.114 317.1142637 8.9117913
178 8 1936.344 2632.025 317.0636715 8.9121064
179 8 41.023 2639.470 317.1686947 8.9124674
180 8 572.780 2659.858 317.1394165 8.9135961
181 8 1396.623 2696.610 317.0938091 8.9156588
184 8 194.142 2730.904 317.1603295 8.9175323
185 8 542.390 2741.959 317.1411354 8.9181454
186 8 1662.431 2752.381 317.0790268 8.9187699
188 8 932.846 2858.643 317.1196495 8.9246313
189 8 1827.113 2862.617 317.0699168 8.9249177
190 8 1890.788 2884.237 317.0663644 8.9261324
191 8 1742.461 2898.979 317.0746723 8.9269346
192 8 701.125 2906.298 317.1324837 8.9272554
193 8 885.972 2944.052 317.1222851 8.9293639
196 8 82.558 3002.051 317.1666320 8.9325266
197 8 594.739 3002.024 317.1384425 8.9325553
199 8 613.009 3033.327 317.1374112 8.9342971
200 8 212.058 3046.597 317.1595846 8.9350018
201 8 1558.334 3058.343 317.0849855 8.9357868
204 8 513.815 3116.817 317.1429689 8.9389208
206 8 1237.603 3152.678 317.1029191 8.9409892
207 8 1061.452 3156.967 317.1126594 8.9412127
210 8 1031.676 3178.788 317.1143210 8.9424216
212 8 124.598 3192.495 317.1644548 8.9430748
213 8 367.156 3210.790 317.1511049 8.9441290
214 8 1357.099 3216.305 317.0962728 8.9445473
215 8 753.753 3251.835 317.1297908 8.9464438
217 8 1548.812 3275.897 317.0856731 8.9478934
218 8 1057.178 3280.928 317.1130032 8.9480996
220 8 1432.649 3285.419 317.0921475 8.9484090
221 8 120.805 3293.575 317.1647413 8.9486726
222 8 281.278 3296.575 317.1558604 8.9488731
224 8 78.177 3336.526 317.1670904 8.9510446
225 8 318.935 3382.506 317.1538551 8.9536287
227 8 156.732 3393.054 317.1627932 8.9541844
228 8 534.364 3438.524 317.1419948 8.9567685
229 8 970.168 3445.172 317.1178733 8.9572154
230 8 780.425 3457.409 317.1284157 8.9578628
232 8 1699.198 3472.703 317.0773652 8.9588884
233 8 1110.894 3519.347 317.1101384 8.9613693
234 8 1041.858 3521.117 317.1139772 8.9614553
237 8 515.535 3557.676 317.1430835 8.9633861
238 8 1490.586 3561.599 317.0889962 8.9637987
239 8 823.792 3565.056 317.1260666 8.9638560
242 8 1061.233 3615.341 317.1129459 8.9666978
243 8 228.546 3619.911 317.1589544 8.9667780
244 8 91.833 3625.084 317.1664601 8.9670359
246 8 123.920 3638.864 317.1647413 8.9678151
245 8 910.769 3638.574 317.1213111 8.9679583
247 8 1760.377 3659.698 317.0740420 8.9693220
248 8 339.131 3666.210 317.1528810 8.9693735
250 8 67.807 3691.839 317.1678352 8.9707315
252 8 756.203 3697.402 317.1298481 8.9711955
253 8 1112.734 3719.157 317.1100811 8.9724847
254 8 1255.928 3728.708 317.1021743 8.9730519
255 8 1076.987 3789.460 317.1121437 8.9763865
257 8 755.461 3845.787 317.1299627 8.9794404
258 8 2013.077 3850.103 317.0600046 8.9800076
260 8 399.133 3873.348 317.1496725 8.9808843
259 8 1858.720 3872.728 317.0685989 8.9812280
262 8 1718.053 3889.810 317.0765058 8.9821448
263 8 1897.793 3899.858 317.0664217 8.9827521
264 8 1719.142 3920.765 317.0764485 8.9838751
266 8 1883.444 3932.863 317.0672238 8.9845970
268 8 1802.044 3959.899 317.0718075 8.9860810
269 8 1471.909 3977.299 317.0901995 8.9869576
270 8 16.053 3985.134 317.1708146 8.9869748
271 8 1552.990 3997.131 317.0857304 8.9880863
273 8 1270.259 4022.527 317.1014867 8.9894213
276 8 824.616 4051.358 317.1261812 8.9908881
278 8 1088.847 4081.653 317.1115708 8.9926528
279 8 389.463 4086.393 317.1502454 8.9927101
280 8 1578.818 4090.817 317.0842980 8.9933174
281 8 1733.760 4108.589 317.0756463 8.9943545
0 9 1050.743 92.119 316.9927393 8.7716687
1 9 849.859 106.572 317.0039693 8.7724766
3 9 1592.390 132.454 316.9623726 8.7738632
4 9 1071.628 150.680 316.9915934 8.7748773
5 9 494.076 173.939 317.0239655 8.7762008
7 9 980.547 194.297 316.9967500 8.7772723
8 9 481.775 206.129 317.0246531 8.7779713
9 9 257.653 212.284 317.0372009 8.7783437
10 9 1748.120 235.666 316.9537209 8.7795412
14 9 1426.399 264.453 316.9717691 8.7811111
13 9 291.161 264.762 317.0353674 8.7812199
15 9 1766.273 289.580 316.9526896 8.7825034
16 9 1384.989 326.728 316.9741755 8.7845316
17 9 987.552 327.260 316.9964636 8.7845717
18 9 1155.877 328.339 316.9870098 8.7846118
19 9 1607.875 330.438 316.9616277 8.7847436
20 9 1144.256 342.514 316.9876973 8.7854025
21 9 1984.974 342.219 316.9404283 8.7854083
22 9 145.041 360.880 317.0435607 8.7865141
23 9 885.331 383.795 317.0021931 8.7876829
24 9 333.020 413.958 317.0331329 8.7893903
26 9 1606.061 435.316 316.9617996 8.7905076
27 9 1474.868 455.568 316.9691908 8.7916191
28 9 546.207 471.251 317.0212726 8.7925244
29 9 22.497 491.231 317.0505508 8.7936875
31 9 1058.807 540.653 316.9926247 8.7963002
32 9 1350.124 542.851 316.9762382 8.7964205
33 9 186.566 556.684 317.0414407 8.7972570
34 9 1609.449 612.355 316.9616850 8.8002536
35 9 832.707 625.010 317.0053444 8.8009526
36 9 1686.020 669.134 316.9574451 8.8033877
39 9 680.810 679.995 317.0139388 8.8039893
38 9 1738.213 683.036 316.9544658 8.8041612
40 9 1122.226 703.563 316.9891870 8.8052727
42 9 1222.864 728.018 316.9835147 8.8066192
43 9 571.493 856.522 317.0201267 8.8137181
44 9 1827.990 914.326 316.9495956 8.8169324
46 9 700.030 979.055 317.0130220 8.8204675
48 9 1479.651 1044.230 316.9692481 8.8240886
49 9 891.981 1054.979 317.0023077 8.8246559
50 9 1454.443 1057.850 316.9706805 8.8248392
51 9 1177.788 1081.098 316.9862649 8.8260711
57 9 478.841 1157.195 317.0255698 8.8303224
58 9 158.849 1162.580 317.0435034 8.8306318
59 9 1269.095 1243.812 316.9812229 8.8351181
61 9 291.269 1255.141 317.0361122 8.8357426
62 9 1475.980 1269.620 316.9695918 8.8365619
63 9 1096.359 1271.133 316.9909632 8.8366135
65 9 1580.967 1343.996 316.9637477 8.8406930
67 9 1118.613 1397.767 316.9898173 8.8436322
69 9 1608.137 1404.971 316.9622007 8.8440734
72 9 1490.010 1438.788 316.9689043 8.8459355
73 9 657.945 1448.003 317.0157149 8.8464053
74 9 583.023 1453.173 317.0198975 8.8466861
75 9 1109.010 1458.145 316.9903902 8.8469783
76 9 708.977 1470.286 317.0128502 8.8476372
77 9 1794.012 1473.010 316.9517729 8.8478721
78 9 402.512 1475.087 317.0300389 8.8479065
82 9 2012.940 1651.144 316.9395116 8.8577900
86 9 1769.670 1767.762 316.9532625 8.8642243
88 9 391.250 1784.361 317.0308983 8.8650437
89 9 1256.891 1850.247 316.9822542 8.8687507
90 9 939.336 1865.795 317.0001878 8.8695815
91 9 166.769 1881.445 317.0435034 8.8704123
92 9 688.469 1888.519 317.0142825 8.8708248
93 9 665.598 1893.209 317.0155431 8.8710826
96 9 1911.222 1998.435 316.9454130 8.8770815
97 9 1502.292 2056.339 316.9685605 8.8802385
99 9 711.785 2119.601 317.0130793 8.8836591
100 9 1449.192 2131.890 316.9715399 8.8844383
101 9 308.845 2163.391 317.0357685 8.8860655
102 9 1444.390 2174.152 316.9718837 8.8867931
104 9 1561.399 2192.789 316.9652947 8.8878474
105 9 1150.391 2204.598 316.9884994 8.8884375
106 9 139.002 2211.139 317.0452796 8.8887183
107 9 1521.721 2219.010 316.9675292 8.8893027
108 9 578.812 2225.401 317.0206424 8.8895319
109 9 1948.859 2245.516 316.9434077 8.8908497
111 9 449.269 2289.997 317.0279762 8.8931243
113 9 637.125 2325.498 317.0174338 8.8951125
115 9 482.129 2360.312 317.0261428 8.8970434
116 9 1466.447 2368.286 316.9707378 8.8976220
117 9 873.724 2383.041 317.0041412 8.8983497
118 9 1004.430 2397.477 316.9968073 8.8991690
119 9 196.871 2409.743 317.0421856 8.8997592
120 9 67.563 2429.533 317.0494049 8.9008535
121 9 378.383 2432.691 317.0319869 8.9010541
124 9 55.346 2484.931 317.0501497 8.9039360
125 9 1177.865 2508.212 316.9870671 8.9053742
126 9 69.599 2522.514 317.0494049 8.9060216
128 9 318.124 2556.602 317.0354247 8.9079467
127 9 436.576 2558.675 317.0287784 8.9080728
129 9 1087.341 2561.222 316.9921664 8.9083077
130 9 487.149 2572.443 317.0259709 8.9088463
131 9 347.900 2580.420 317.0338204 8.9092703
132 9 124.127 2587.545 317.0463682 8.9096484
133 9 954.520 2657.001 316.9997294 8.9136248
135 9 212.582 2703.870 317.0414407 8.9161400
136 9 178.537 2726.286 317.0433888 8.9173834
137 9 1742.899 2762.147 316.9552679 8.9196637
138 9 1603.406 2771.226 316.9631747 8.9201393
139 9 1714.733 2844.164 316.9568722 8.9242359
140 9 1361.179 2853.844 316.9768684 8.9247000
141 9 1974.559 2857.998 316.9422045 8.9250724
143 9 1763.606 2871.325 316.9541220 8.9257543
142 9 1613.200 2872.248 316.9626591 8.9257829
144 9 2015.650 2902.277 316.9399126 8.9275591
145 9 163.667 2929.350 317.0443055 8.9286935
146 9 367.470 2947.682 317.0329037 8.9297478
147 9 1217.739 2953.080 316.9850617 8.9302119
148 9 1463.227 2956.909 316.9711388 8.9304869
150 9 717.291 2966.280 317.0132512 8.9308421
151 9 1183.254 2992.451 316.9870098 8.9324063
153 9 239.989 3084.923 317.0401229 8.9373910
154 9 1544.129 3123.518 316.9666698 8.9398147
155 9 1954.729 3148.401 316.9434077 8.9413158
156 9 123.420 3167.747 317.0467120 8.9419804
158 9 1183.524 3197.664 316.9870671 8.9438827
159 9 1724.019 3205.289 316.9565284 8.9444384
161 9 61.389 3256.217 317.0502070 8.9469021
163 9 803.669 3269.498 317.0085530 8.9478074
162 9 1297.683 3269.985 316.9806499 8.9479507
165 9 1831.127 3371.127 316.9505123 8.9537547
166 9 1461.858 3410.672 316.9714253 8.9558575
169 9 26.929 3446.761 317.0522697 8.9575305
168 9 1077.101 3446.376 316.9931977 8.9577597
170 9 1629.500 3452.829 316.9619715 8.9582696
171 9 686.607 3546.894 317.0151993 8.9632887
173 9 185.419 3568.992 317.0434461 8.9643945
174 9 1463.398 3579.280 316.9714253 8.9653055
176 9 246.481 3601.871 317.0400084 8.9662337
179 9 1115.591 3664.735 316.9910778 8.9699923
180 9 1613.073 3674.941 316.9630028 8.9707028
181 9 1555.987 3700.114 316.9662114 8.9720951
182 9 1263.923 3705.417 316.9827699 8.9723128
183 9 1119.243 3711.575 316.9909059 8.9726108
185 9 1451.642 3729.738 316.9721129 8.9737223
186 9 1222.658 3741.331 316.9851190 8.9743067
187 9 108.634 3768.821 317.0478006 8.9755214
189 9 246.800 3775.840 317.0400656 8.9759568
191 9 1990.101 3855.433 316.9416888 8.9809244
192 9 1234.090 3861.527 316.9844887 8.9810390
193 9 1279.900 3872.566 316.9819104 8.9816749
194 9 860.313 3909.368 317.0055736 8.9836058
195 9 56.880 3948.679 317.0507800 8.9855539
196 9 485.817 3964.832 317.0267157 8.9865852
197 9 457.487 3982.963 317.0282627 8.9875879
198 9 514.338 4000.285 317.0251115 8.9885676
199 9 1189.907 4023.065 316.9870098 8.9900630
200 9 1056.711 4047.381 316.9945728 8.9913809
201 9 1363.786 4052.074 316.9772122 8.9917418
202 9 460.676 4110.990 317.0281481 8.9947556
204 9 262.884 4137.515 317.0393208 8.9961765
205 9 699.106 4140.782 317.0147409 8.9964916
207 9 487.072 4153.592 317.0267157 8.9971448
