3 0 970.936 90.914 321.0150749 9.0097785
4 0 1116.376 93.422 321.0069962 9.0099561
5 0 302.033 109.629 321.0523172 9.0106723
6 0 1040.723 115.440 321.0112361 9.0111651
7 0 485.804 140.288 321.0420613 9.0124199
8 0 517.822 170.346 321.0402851 9.0141101
9 0 401.753 179.302 321.0467595 9.0145914
10 0 1744.536 181.679 320.9723323 9.0149753
12 0 1272.569 189.242 320.9984019 9.0153133
13 0 1583.489 231.236 320.9812131 9.0177025
14 0 1533.407 236.063 320.9840206 9.0179718
16 0 1582.192 257.073 320.9812704 9.0191407
17 0 1855.434 306.200 320.9662589 9.0219195
18 0 354.990 325.513 321.0494524 9.0227216
19 0 849.363 328.656 321.0218931 9.0229795
20 0 75.466 344.887 321.0650942 9.0237530
22 0 188.274 394.513 321.0587916 9.0265318
23 0 1550.983 401.960 320.9830466 9.0271850
25 0 277.488 423.108 321.0538069 9.0281590
26 0 1263.261 425.034 320.9989748 9.0284340
27 0 1190.700 427.029 321.0030428 9.0285200
28 0 1206.376 437.412 321.0021261 9.0291101
29 0 82.829 483.582 321.0647504 9.0314936
30 0 1050.314 496.870 321.0107778 9.0323817
31 0 1481.783 511.273 320.9869427 9.0332411
34 0 856.964 528.192 321.0215494 9.0340834
32 0 1299.659 528.881 320.9970268 9.0342037
35 0 1401.901 556.557 320.9913545 9.0357450
36 0 1871.825 598.138 320.9654568 9.0380941
38 0 1236.198 639.780 321.0005791 9.0403286
37 0 2008.808 638.777 320.9579511 9.0403573
39 0 1238.463 650.660 321.0004645 9.0409589
40 0 638.183 676.679 321.0337534 9.0423340
41 0 1167.673 682.094 321.0043606 9.0427007
42 0 1439.366 684.212 320.9893491 9.0428382
43 0 247.124 695.784 321.0555831 9.0433424
44 0 990.903 729.073 321.0142155 9.0452847
46 0 1217.028 837.753 321.0017250 9.0513581
48 0 1404.864 898.800 320.9913545 9.0547557
50 0 1141.983 966.958 321.0059649 9.0585258
51 0 508.292 973.413 321.0411445 9.0588409
53 0 1440.633 1051.980 320.9894637 9.0632355
54 0 586.972 1074.463 321.0367900 9.0644731
55 0 358.962 1078.444 321.0495097 9.0646679
56 0 1135.520 1098.302 321.0063660 9.0657966
57 0 810.381 1112.315 321.0243569 9.0665816
59 0 534.701 1112.696 321.0397121 9.0665930
58 0 1002.255 1115.707 321.0137571 9.0667764
61 0 1274.880 1118.834 320.9986311 9.0669368
62 0 1021.613 1135.673 321.0126685 9.0678764
64 0 1235.014 1163.123 321.0008656 9.0694120
66 0 1224.474 1175.634 321.0014386 9.0701053
65 0 648.439 1176.928 321.0334096 9.0701797
67 0 1234.375 1208.202 321.0009229 9.0719043
69 0 1576.769 1249.084 320.9820153 9.0741675
71 0 743.578 1287.860 321.0281957 9.0763276
74 0 365.865 1306.733 321.0492232 9.0773818
75 0 1016.887 1311.727 321.0130696 9.0776568
76 0 1087.146 1328.969 321.0091162 9.0786022
77 0 1667.276 1333.914 320.9770878 9.0788658
78 0 1738.847 1337.337 320.9731344 9.0790434
79 0 184.253 1448.794 321.0594792 9.0852772
80 0 746.303 1451.735 321.0281384 9.0854376
81 0 147.842 1451.844 321.0614845 9.0854433
84 0 1548.350 1491.177 320.9837342 9.0875747
85 0 1901.653 1497.729 320.9642536 9.0879071
87 0 1039.075 1586.458 321.0119237 9.0928918
88 0 1831.706 1596.258 320.9682070 9.0933616
89 0 1347.207 1598.052 320.9949068 9.0935049
91 0 485.597 1709.235 321.0427488 9.0997501
94 0 1782.915 1740.579 320.9709572 9.1013372
93 0 158.710 1739.658 321.0610262 9.1014403
95 0 1162.095 1764.865 321.0052774 9.1027638
97 0 256.013 1785.783 321.0556404 9.1040072
98 0 1081.288 1844.404 321.0097464 9.1071814
99 0 578.145 1845.318 321.0377068 9.1072845
100 0 1212.287 1854.880 321.0025272 9.1077429
101 0 1916.341 1857.446 320.9636806 9.1077772
102 0 1788.625 1860.855 320.9707280 9.1079950
103 0 1126.203 1909.307 321.0073400 9.1107681
104 0 719.287 1913.720 321.0299146 9.1110717
105 0 466.650 1930.064 321.0439520 9.1119999
106 0 185.440 1932.604 321.0596511 9.1121489
109 0 216.382 1975.427 321.0579322 9.1145324
110 0 830.143 1993.237 321.0237839 9.1154549
111 0 52.769 1995.328 321.0670995 9.1156497
112 0 1719.504 2005.961 320.9746241 9.1160106
115 0 1730.948 2045.496 320.9740512 9.1181936
117 0 1952.159 2070.099 320.9618472 9.1194999
118 0 839.351 2077.854 321.0233255 9.1201359
119 0 882.568 2118.213 321.0209764 9.1223647
120 0 1901.638 2122.266 320.9647120 9.1223934
121 0 1300.573 2126.775 320.9978289 9.1227658
123 0 164.021 2133.385 321.0609689 9.1232929
125 0 1762.434 2138.869 320.9723323 9.1233388
124 0 467.175 2135.068 321.0440666 9.1233560
126 0 1016.280 2139.957 321.0135853 9.1235450
127 0 612.109 2157.194 321.0360452 9.1245706
128 0 1324.913 2172.240 320.9965111 9.1252696
129 0 1393.813 2175.740 320.9926723 9.1254472
130 0 987.023 2180.353 321.0152468 9.1257853
134 0 1111.111 2201.595 321.0083713 9.1269197
133 0 956.172 2204.557 321.0169657 9.1271317
135 0 1783.416 2225.830 320.9712437 9.1281287
137 0 821.813 2239.654 321.0244142 9.1290913
138 0 2015.372 2286.350 320.9585240 9.1314117
139 0 660.737 2302.104 321.0334096 9.1325691
140 0 734.554 2314.059 321.0293416 9.1332223
141 0 915.965 2318.374 321.0192575 9.1334114
143 0 751.494 2388.912 321.0284249 9.1373590
144 0 1267.828 2427.469 320.9998343 9.1393701
145 0 1162.096 2431.489 321.0056784 9.1396165
146 0 216.163 2458.668 321.0582760 9.1413067
147 0 1033.553 2478.025 321.0128404 9.1422177
148 0 2004.883 2520.345 320.9593262 9.1442976
149 0 1372.430 2527.330 320.9941620 9.1448591
150 0 1017.857 2533.312 321.0137571 9.1452716
151 0 1264.671 2549.353 321.0001208 9.1461024
152 0 443.939 2566.392 321.0456709 9.1472196
154 0 846.823 2672.184 321.0233255 9.1529779
155 0 711.285 2688.757 321.0308886 9.1539290
156 0 1825.420 2699.341 320.9692956 9.1541983
157 0 579.943 2743.030 321.0382224 9.1569485
158 0 665.457 2745.064 321.0334669 9.1570459
159 0 355.622 2775.364 321.0507129 9.1587819
160 0 1620.136 2782.593 320.9806975 9.1588392
162 0 1161.615 2803.447 321.0060222 9.1601284
161 0 719.660 2801.328 321.0304875 9.1601341
163 0 424.767 2813.110 321.0468741 9.1608503
165 0 1689.525 2825.834 320.9769160 9.1611941
164 0 740.627 2821.377 321.0293416 9.1612285
166 0 1259.083 2827.787 321.0006364 9.1614405
167 0 515.749 2844.316 321.0418894 9.1625463
170 0 815.908 2889.952 321.0252163 9.1649928
173 0 726.293 2914.508 321.0302010 9.1663679
174 0 406.099 2955.066 321.0480200 9.1686769
175 0 391.440 3004.213 321.0489368 9.1713927
177 0 224.889 3026.675 321.0582187 9.1726704
178 0 1656.300 3038.204 320.9789213 9.1728767
179 0 1623.448 3064.856 320.9806975 9.1743549
180 0 753.856 3086.376 321.0288259 9.1758274
181 0 66.976 3096.314 321.0670422 9.1765379
182 0 1268.653 3128.491 321.0003499 9.1779073
183 0 465.512 3134.757 321.0448688 9.1785662
184 0 623.731 3140.821 321.0361025 9.1788584
186 0 1161.121 3229.021 321.0063660 9.1835337
188 0 2026.099 3239.194 320.9586959 9.1837801
187 0 270.823 3236.943 321.0558122 9.1842442
189 0 1885.254 3249.080 320.9664881 9.1843588
190 0 1544.037 3265.473 320.9852811 9.1853958
191 0 41.858 3269.155 321.0685892 9.1860662
193 0 1056.316 3311.198 321.0122675 9.1880773
195 0 1240.532 3328.811 321.0020688 9.1889768
196 0 758.885 3377.170 321.0287686 9.1918072
197 0 1382.553 3412.100 320.9942766 9.1935032
198 0 1559.832 3418.480 320.9845363 9.1937782
199 0 462.757 3415.162 321.0452698 9.1939787
200 0 65.649 3421.128 321.0673860 9.1944142
202 0 1428.688 3440.290 320.9918129 9.1950272
201 0 933.459 3438.368 321.0191429 9.1951075
203 0 81.528 3446.881 321.0665266 9.1958294
204 0 749.341 3464.291 321.0293989 9.1965857
205 0 220.325 3479.222 321.0587916 9.1975712
206 0 1000.178 3486.922 321.0155333 9.1977488
207 0 340.490 3490.819 321.0521453 9.1981728
208 0 1141.651 3514.426 321.0077411 9.1991984
210 0 1286.399 3563.485 320.9997770 9.2018283
209 0 180.563 3566.479 321.0610835 9.2023726
211 0 1288.766 3603.757 320.9996624 9.2040284
212 0 628.225 3635.491 321.0362744 9.2060166
213 0 1423.136 3642.604 320.9922712 9.2061082
218 0 1463.676 3694.614 320.9900940 9.2089387
217 0 463.332 3689.398 321.0454990 9.2090189
221 0 1176.961 3721.764 321.0059649 9.2105429
224 0 1550.228 3746.323 320.9853957 9.2117404
222 0 402.729 3743.734 321.0488795 9.2120269
223 0 208.276 3750.678 321.0597084 9.2124681
227 0 180.886 3793.985 321.0612553 9.2148459
228 0 1862.061 3818.430 320.9682643 9.2155449
229 0 479.866 3858.723 321.0446969 9.2183008
232 0 1575.238 3867.673 320.9840779 9.2183638
233 0 1457.314 3869.819 320.9906097 9.2185300
234 0 1678.729 3878.324 320.9784057 9.2188623
235 0 850.444 3898.126 321.0241850 9.2203119
236 0 714.558 3906.115 321.0316907 9.2208103
237 0 1034.328 3936.390 321.0140436 9.2223401
238 0 706.438 3973.037 321.0322064 9.2244773
239 0 1239.855 3986.716 321.0026991 9.2250101
241 0 73.449 4002.191 321.0673860 9.2262878
243 0 1615.851 4023.800 320.9820153 9.2268722
242 0 443.812 4018.549 321.0468168 9.2270499
244 0 735.802 4035.703 321.0306594 9.2278921
245 0 1556.001 4093.581 320.9853957 9.2307053
246 0 1959.697 4121.707 320.9631650 9.2320632
248 0 1714.159 4139.832 320.9766868 9.2331633
247 0 236.281 4133.832 321.0585052 9.2334269
249 0 736.203 4139.979 321.0307167 9.2335816
250 0 475.656 4150.462 321.0451552 9.2342519
2 1 1185.936 50.943 321.1218170 9.0070856
3 1 1481.305 98.012 321.1052012 9.0097900
6 1 1219.766 113.800 321.1199262 9.0106093
5 1 1866.037 113.801 321.0835434 9.0107755
7 1 394.917 124.438 321.1665077 9.0109932
8 1 1984.213 121.875 321.0768971 9.0112568
9 1 1922.542 175.170 321.0803921 9.0142132
10 1 1202.802 185.232 321.1209003 9.0145971
12 1 1215.374 194.879 321.1201554 9.0151300
15 1 1104.257 208.466 321.1264579 9.0158805
14 1 1917.490 209.210 321.0806786 9.0161154
16 1 1492.968 211.241 321.1045137 9.0161212
19 1 1467.532 240.085 321.1060034 9.0177369
18 1 1972.376 241.389 321.0776419 9.0179260
20 1 538.853 268.347 321.1584290 9.0190776
21 1 817.642 273.311 321.1426727 9.0194329
22 1 1621.058 285.308 321.0974090 9.0202980
23 1 453.043 358.581 321.1632991 9.0241254
24 1 1239.627 371.827 321.1188949 9.0250536
25 1 1333.761 391.783 321.1135664 9.0261880
27 1 794.231 405.212 321.1440477 9.0268068
28 1 1635.136 411.917 321.0966068 9.0273798
29 1 1712.004 440.834 321.0923097 9.0290185
30 1 1047.002 443.641 321.1297811 9.0290242
31 1 405.144 456.089 321.1660493 9.0295742
32 1 942.160 468.780 321.1356826 9.0304050
33 1 263.437 485.258 321.1740707 9.0311728
35 1 408.915 501.077 321.1658774 9.0320895
36 1 1332.856 505.859 321.1136810 9.0325593
38 1 1513.676 518.082 321.1034823 9.0332870
41 1 845.471 559.409 321.1411830 9.0354528
43 1 1272.988 609.015 321.1170614 9.0383176
44 1 1589.838 613.778 321.0992424 9.0386384
46 1 1047.605 630.027 321.1298384 9.0394463
48 1 1998.727 655.205 321.0762668 9.0410334
49 1 640.120 679.153 321.1528140 9.0420991
50 1 876.032 685.803 321.1395214 9.0425288
51 1 204.117 694.817 321.1775085 9.0428955
54 1 900.598 738.022 321.1381463 9.0454566
52 1 1851.428 734.746 321.0845747 9.0454566
56 1 1061.651 753.298 321.1290363 9.0463447
63 1 1137.069 862.864 321.1248537 9.0524811
64 1 938.995 885.487 321.1360263 9.0537129
65 1 281.050 893.318 321.1732113 9.0540223
67 1 87.275 937.513 321.1842121 9.0564459
69 1 296.951 945.998 321.1723519 9.0569731
74 1 925.663 970.104 321.1368285 9.0584341
75 1 560.191 974.515 321.1574550 9.0586289
76 1 323.026 995.567 321.1708622 9.0597519
78 1 223.853 999.025 321.1764772 9.0599238
77 1 127.121 1006.259 321.1819776 9.0602045
80 1 261.794 1010.909 321.1743572 9.0606113
79 1 787.393 1009.845 321.1446207 9.0606285
81 1 881.671 1030.609 321.1393495 9.0618088
83 1 648.355 1068.176 321.1525275 9.0638657
84 1 988.202 1129.062 321.1333334 9.0673321
86 1 73.985 1144.431 321.1850715 9.0680254
87 1 1280.327 1158.080 321.1168895 9.0689937
88 1 1447.468 1162.654 321.1074930 9.0692859
90 1 914.845 1181.133 321.1375160 9.0702428
94 1 787.167 1213.111 321.1447353 9.0719846
95 1 1094.933 1227.630 321.1273747 9.0728497
97 1 1828.111 1239.807 321.0861217 9.0736175
98 1 1989.319 1248.166 321.0770690 9.0740988
99 1 1854.688 1249.222 321.0846320 9.0741446
101 1 559.220 1288.799 321.1576268 9.0761958
103 1 1432.594 1303.688 321.1083525 9.0771354
104 1 740.271 1321.489 321.1474282 9.0780350
105 1 529.408 1341.370 321.1593457 9.0791236
106 1 79.357 1345.187 321.1847850 9.0792497
108 1 322.035 1379.917 321.1710914 9.0812436
110 1 1661.157 1380.142 321.0955755 9.0814269
112 1 784.028 1407.819 321.1449645 9.0828708
113 1 827.896 1428.563 321.1425008 9.0840339
115 1 432.121 1444.276 321.1649034 9.0848475
119 1 990.435 1503.835 321.1333907 9.0882508
121 1 1998.240 1521.621 321.0767252 9.0893223
122 1 1026.641 1528.649 321.1313281 9.0896431
123 1 756.958 1556.193 321.1465688 9.0911443
126 1 1254.137 1603.308 321.1185511 9.0938314
129 1 780.654 1631.800 321.1452510 9.0953670
132 1 876.708 1654.798 321.1398652 9.0966618
133 1 1179.388 1680.466 321.1227910 9.0981172
135 1 729.538 1696.472 321.1481730 9.0989651
134 1 1422.015 1701.745 321.1091546 9.0993318
136 1 1945.799 1711.373 321.0797619 9.0998761
138 1 1855.512 1728.106 321.0848039 9.1008101
139 1 755.459 1731.138 321.1467407 9.1009017
140 1 697.899 1733.995 321.1500065 9.1010564
142 1 1241.461 1753.815 321.1193533 9.1022081
143 1 1919.359 1771.662 321.0812516 9.1032279
144 1 1726.613 1802.477 321.0920805 9.1049411
145 1 1297.163 1803.087 321.1162593 9.1049583
146 1 756.893 1811.683 321.1466834 9.1053937
147 1 1591.497 1818.949 321.0997008 9.1058521
148 1 182.647 1854.849 321.1791701 9.1077199
149 1 1359.413 1859.309 321.1127643 9.1080809
150 1 1869.385 1877.118 321.0841164 9.1090893
151 1 1602.206 1879.093 321.0991279 9.1091982
152 1 1813.943 1952.663 321.0872676 9.1132891
153 1 1675.195 1994.182 321.0951172 9.1155981
154 1 1251.743 2022.307 321.1188949 9.1171508
155 1 396.422 2033.833 321.1671379 9.1177238
156 1 801.214 2055.332 321.1443342 9.1189614
158 1 665.200 2066.159 321.1520119 9.1195515
157 1 1625.140 2067.532 321.0979246 9.1196718
159 1 74.321 2087.922 321.1854153 9.1206802
160 1 295.223 2106.720 321.1729248 9.1217631
162 1 401.356 2145.703 321.1669661 9.1239518
163 1 1814.831 2146.400 321.0873822 9.1240492
164 1 1782.119 2153.872 321.0892157 9.1244560
165 1 1587.220 2209.607 321.1001592 9.1275615
166 1 1357.781 2211.626 321.1130507 9.1276703
168 1 1167.068 2241.324 321.1238223 9.1293204
170 1 1851.157 2249.078 321.0853769 9.1297444
171 1 687.378 2274.246 321.1508659 9.1311253
172 1 533.802 2278.735 321.1595176 9.1313602
173 1 830.370 2291.476 321.1427872 9.1320936
174 1 1034.670 2293.363 321.1312708 9.1322139
175 1 1552.538 2295.975 321.1021645 9.1323571
177 1 683.915 2320.259 321.1510951 9.1336807
178 1 947.294 2329.424 321.1361982 9.1342078
179 1 811.899 2390.764 321.1438759 9.1375997
180 1 907.595 2400.029 321.1384901 9.1381268
181 1 45.152 2431.647 321.1871915 9.1397998
184 1 1559.775 2438.938 321.1018208 9.1402869
183 1 88.830 2442.509 321.1847278 9.1403843
185 1 1806.033 2449.610 321.0880125 9.1408484
186 1 1819.427 2452.431 321.0872676 9.1410202
187 1 1833.226 2596.005 321.0865801 9.1489614
188 1 802.720 2595.663 321.1445061 9.1489729
189 1 363.625 2598.558 321.1693152 9.1491047
190 1 1627.229 2628.852 321.0981538 9.1508006
191 1 260.532 2638.400 321.1751594 9.1512991
192 1 1181.918 2640.229 321.1231921 9.1514366
193 1 874.826 2643.694 321.1404954 9.1516371
194 1 906.928 2650.556 321.1386619 9.1520210
196 1 949.613 2667.187 321.1362555 9.1529435
197 1 749.012 2669.300 321.1476001 9.1530581
198 1 1825.518 2683.725 321.0870957 9.1538201
199 1 572.184 2690.672 321.1575696 9.1542326
200 1 1187.628 2715.786 321.1229056 9.1556307
201 1 950.074 2728.715 321.1363128 9.1563526
204 1 1945.523 2807.934 321.0804494 9.1606670
205 1 1712.867 2812.819 321.0934556 9.1609706
206 1 1504.707 2843.099 321.1051439 9.1626609
207 1 85.971 2861.259 321.1850715 9.1636349
208 1 1083.080 2892.528 321.1288644 9.1654225
209 1 1627.109 2902.900 321.0983257 9.1659554
211 1 686.774 3004.668 321.1512670 9.1716276
212 1 744.225 3031.627 321.1480585 9.1731116
213 1 20.861 3041.158 321.1888530 9.1735872
216 1 1528.952 3117.748 321.1039980 9.1778270
215 1 1033.026 3118.608 321.1318437 9.1779130
218 1 1394.368 3125.565 321.1115610 9.1782740
219 1 200.690 3131.170 321.1787690 9.1785834
220 1 1755.045 3134.122 321.0913356 9.1787037
221 1 697.382 3140.954 321.1507514 9.1791563
223 1 1508.943 3157.737 321.1051439 9.1800387
225 1 747.794 3166.372 321.1479439 9.1805601
224 1 93.291 3170.097 321.1847850 9.1807262
226 1 1071.180 3214.732 321.1297811 9.1832186
227 1 1002.012 3221.546 321.1336199 9.1836025
232 1 1949.684 3266.248 321.0805640 9.1859516
234 1 1398.842 3285.624 321.1113892 9.1870918
235 1 1274.334 3300.705 321.1183792 9.1879455
237 1 1439.926 3330.886 321.1091546 9.1895956
239 1 1777.359 3343.080 321.0902470 9.1902144
241 1 1288.487 3352.717 321.1176344 9.1908103
244 1 1993.289 3386.088 321.0782149 9.1925463
245 1 859.549 3455.311 321.1417559 9.1964997
247 1 1226.150 3495.917 321.1212440 9.1986999
248 1 1400.638 3504.208 321.1114465 9.1991411
249 1 1377.759 3504.833 321.1127643 9.1991755
251 1 1722.596 3516.124 321.0933983 9.1997427
252 1 1041.713 3540.617 321.1316146 9.2011808
253 1 1271.649 3559.547 321.1187230 9.2021949
256 1 1843.255 3614.198 321.0867520 9.2051113
259 1 215.645 3664.779 321.1781960 9.2080219
260 1 724.119 3666.930 321.1495481 9.2081480
261 1 1810.417 3670.767 321.0886427 9.2082225
262 1 1008.015 3725.158 321.1336199 9.2113279
264 1 1680.387 3728.230 321.0959766 9.2114024
265 1 1128.530 3728.679 321.1268590 9.2115170
266 1 1885.548 3746.071 321.0844601 9.2123363
267 1 1615.044 3757.731 321.0996435 9.2130296
269 1 739.899 3803.339 321.1487460 9.2156423
270 1 802.866 3811.376 321.1452510 9.2160777
271 1 1969.934 3846.200 321.0798765 9.2178080
272 1 1818.116 3856.548 321.0883563 9.2184096
273 1 741.447 3900.572 321.1487460 9.2209822
274 1 1121.887 3902.839 321.1273747 9.2210739
275 1 1604.900 3907.990 321.1003311 9.2212744
276 1 2009.137 3919.145 321.0777565 9.2217901
277 1 1870.449 3935.664 321.0854915 9.2227355
278 1 2005.295 3941.894 321.0779857 9.2230334
279 1 846.791 3944.609 321.1428445 9.2233887
280 1 1981.996 3966.175 321.0793035 9.2243741
281 1 675.776 3966.500 321.1524702 9.2245976
282 1 1789.322 3982.197 321.0900751 9.2252909
283 1 1232.642 3990.744 321.1211867 9.2258753
284 1 1986.688 4000.686 321.0790743 9.2262592
285 1 1121.922 4051.545 321.1274893 9.2292214
286 1 106.298 4053.973 321.1845559 9.2293875
287 1 632.355 4074.546 321.1549339 9.2305220
289 1 1313.328 4096.922 321.1167750 9.2316736
290 1 1357.140 4116.088 321.1143112 9.2327107
291 1 1078.897 4134.054 321.1299530 9.2337363
292 1 1266.886 4139.352 321.1194106 9.2340056
0 2 799.245 33.711 321.2639678 9.0054813
3 2 721.095 53.861 321.2684369 9.0065814
4 2 318.205 64.703 321.2912979 9.0070627
2 2 1863.283 58.749 321.2035781 9.0072346
6 2 260.724 148.047 321.2945638 9.0117209
7 2 1535.540 149.734 321.2221992 9.0122308
8 2 917.979 162.837 321.2572642 9.0127579
9 2 398.056 191.654 321.2867715 9.0142132
12 2 221.540 209.511 321.2967983 9.0151529
10 2 910.253 206.668 321.2577226 9.0152274
11 2 1187.659 209.344 321.2419662 9.0154565
14 2 1113.578 223.004 321.2461488 9.0161899
13 2 1705.667 221.851 321.2125162 9.0163160
15 2 779.956 250.730 321.2651137 9.0176510
18 2 732.488 330.846 321.2678639 9.0221258
19 2 196.529 351.783 321.2982880 9.0231284
23 2 267.092 415.171 321.2942773 9.0266922
22 2 1107.676 410.334 321.2465499 9.0267037
24 2 1216.455 419.749 321.2403620 9.0272652
27 2 779.062 437.020 321.2652283 9.0280903
26 2 1706.502 434.546 321.2125735 9.0282392
28 2 1816.037 439.620 321.2063856 9.0285658
29 2 1537.469 455.764 321.2221419 9.0293794
30 2 1060.595 465.239 321.2492428 9.0297633
31 2 900.819 471.771 321.2583528 9.0300899
32 2 1343.922 486.504 321.2331427 9.0310467
33 2 542.501 580.222 321.2786928 9.0360429
34 2 1414.071 590.669 321.2292466 9.0369081
35 2 1584.961 616.121 321.2195636 9.0383863
36 2 1858.816 619.495 321.2039791 9.0386613
37 2 1406.840 635.682 321.2296476 9.0394176
39 2 832.754 660.950 321.2622489 9.0406724
40 2 1439.415 684.152 321.2278142 9.0421564
41 2 1314.609 696.005 321.2348616 9.0427866
42 2 988.315 711.990 321.2534254 9.0435830
43 2 1976.195 721.931 321.1973901 9.0444196
45 2 1173.255 750.520 321.2429403 9.0457889
48 2 1570.899 781.256 321.2203657 9.0476396
49 2 336.245 805.272 321.2904958 9.0485850
52 2 1749.069 909.008 321.2102817 9.0548417
54 2 1257.478 924.907 321.2382420 9.0555922
55 2 1560.146 928.455 321.2210533 9.0558730
57 2 544.094 989.756 321.2787501 9.0589841
58 2 1868.424 1002.608 321.2035781 9.0601071
59 2 1862.132 1012.499 321.2039791 9.0606744
60 2 1251.116 1019.607 321.2385858 9.0608864
61 2 930.004 1031.772 321.2568058 9.0614536
62 2 622.975 1042.882 321.2742811 9.0619864
63 2 1661.653 1062.064 321.2153237 9.0633902
65 2 355.453 1121.650 321.2894644 9.0663008
66 2 989.299 1120.231 321.2534827 9.0664383
67 2 616.532 1141.135 321.2746821 9.0674811
68 2 766.995 1151.738 321.2661451 9.0681343
72 2 718.127 1205.673 321.2688953 9.0711366
73 2 19.683 1211.554 321.3085439 9.0712053
74 2 1515.805 1213.787 321.2236316 9.0718299
75 2 533.594 1235.718 321.2793804 9.0727409
76 2 970.834 1244.994 321.2545713 9.0734227
80 2 1082.012 1345.537 321.2483261 9.0790720
81 2 1201.931 1355.357 321.2415079 9.0796622
84 2 1168.429 1385.661 321.2433986 9.0813467
85 2 829.381 1393.882 321.2626500 9.0816962
87 2 937.492 1432.980 321.2565194 9.0839021
88 2 1175.403 1509.452 321.2430549 9.0882623
89 2 951.824 1561.013 321.2557745 9.0910698
90 2 1965.325 1568.740 321.1983069 9.0917860
92 2 985.687 1616.194 321.2538265 9.0941752
93 2 521.984 1619.116 321.2801825 9.0941809
95 2 1187.068 1658.848 321.2424819 9.0966160
96 2 1966.225 1661.545 321.1983069 9.0969598
97 2 502.368 1674.623 321.2812711 9.0972692
98 2 58.049 1687.686 321.3064813 9.0978307
100 2 906.264 1705.713 321.2584101 9.0991428
103 2 313.556 1743.623 321.2920427 9.1010450
102 2 1677.939 1741.776 321.2146361 9.1013830
104 2 15.150 1752.685 321.3089450 9.1014403
106 2 317.188 1797.915 321.2918136 9.1040759
107 2 1317.385 1855.357 321.2351480 9.1076225
108 2 2032.339 1866.206 321.1946399 9.1084018
110 2 1979.732 1897.722 321.1976193 9.1101493
112 2 2009.216 1907.634 321.1959577 9.1107108
115 2 1630.628 2002.879 321.2174436 9.1159361
116 2 639.488 2033.138 321.2735935 9.1173170
117 2 173.317 2042.291 321.3000642 9.1176493
118 2 1406.723 2045.780 321.2301633 9.1182681
119 2 1005.792 2054.124 321.2528524 9.1186119
121 2 1470.078 2061.077 321.2265537 9.1191390
122 2 451.626 2071.727 321.2843078 9.1193911
123 2 313.068 2084.595 321.2921000 9.1200614
125 2 1582.511 2176.900 321.2201938 9.1256134
127 2 832.906 2235.133 321.2627073 9.1286501
128 2 1869.397 2247.426 321.2040364 9.1296012
129 2 1183.372 2253.797 321.2428257 9.1297845
132 2 123.738 2267.311 321.3028717 9.1301512
135 2 847.659 2351.173 321.2619052 9.1350959
136 2 1596.267 2387.464 321.2195063 9.1373304
139 2 782.718 2437.641 321.2655721 9.1398858
140 2 875.077 2445.992 321.2603582 9.1403785
141 2 1994.364 2456.817 321.1970463 9.1412666
143 2 347.570 2498.222 321.2902666 9.1430886
144 2 223.658 2510.934 321.2973140 9.1437418
145 2 1277.170 2526.018 321.2376118 9.1449450
146 2 2018.647 2526.054 321.1956712 9.1451169
148 2 1604.968 2578.540 321.2191052 9.1479530
149 2 1770.266 2632.488 321.2097660 9.1509725
150 2 1417.048 2645.135 321.2297622 9.1515970
151 2 474.738 2671.671 321.2831046 9.1527716
154 2 583.383 2735.174 321.2769740 9.1563354
156 2 262.174 2763.081 321.2951367 9.1577563
157 2 65.945 2782.647 321.3062521 9.1587590
159 2 16.370 2806.039 321.3090596 9.1600310
158 2 1546.930 2801.772 321.2224857 9.1603175
160 2 959.737 2816.915 321.2557172 9.1610050
161 2 579.203 2845.160 321.2772604 9.1624317
162 2 1949.985 2867.161 321.1996820 9.1640245
163 2 2024.554 2879.823 321.1954994 9.1647407
165 2 148.861 2894.356 321.3015538 9.1649871
164 2 1987.242 2890.182 321.1976193 9.1653137
166 2 1028.649 2955.132 321.2518211 9.1686769
167 2 922.953 2961.260 321.2578372 9.1689863
168 2 951.552 2961.584 321.2561756 9.1690321
169 2 1410.605 2972.687 321.2302206 9.1697655
171 2 679.549 2994.742 321.2715882 9.1707567
170 2 1545.396 2991.094 321.2226003 9.1708083
172 2 1382.244 3009.073 321.2318822 9.1717709
173 2 2022.581 3013.671 321.1956712 9.1721490
175 2 1515.006 3049.493 321.2243764 9.1740398
174 2 1670.295 3052.639 321.2156102 9.1742461
178 2 35.350 3064.070 321.3080283 9.1743320
176 2 1549.978 3054.989 321.2224284 9.1743492
179 2 394.144 3066.038 321.2877456 9.1745898
177 2 1111.302 3062.208 321.2471802 9.1746357
180 2 331.904 3081.324 321.2912979 9.1754149
181 2 1450.936 3084.611 321.2279861 9.1759649
182 2 797.485 3092.001 321.2649418 9.1761827
184 2 571.233 3111.075 321.2777761 9.1771510
186 2 1021.790 3153.336 321.2522795 9.1796376
187 2 1686.298 3162.824 321.2147507 9.1803481
188 2 1185.894 3191.397 321.2430549 9.1818034
189 2 1837.733 3206.430 321.2062137 9.1827774
190 2 676.970 3256.670 321.2718173 9.1852354
192 2 728.146 3282.747 321.2689525 9.1866964
194 2 813.178 3306.481 321.2641397 9.1880314
195 2 1750.568 3316.541 321.2111984 9.1888508
196 2 1846.751 3321.113 321.2057553 9.1891200
197 2 1044.281 3363.363 321.2510763 9.1912629
199 2 220.485 3370.530 321.2976577 9.1913431
200 2 280.206 3408.706 321.2942773 9.1934745
202 2 824.717 3428.415 321.2635094 9.1947694
201 2 1338.532 3427.592 321.2344605 9.1948897
203 2 1512.805 3433.265 321.2246629 9.1952335
204 2 797.798 3453.355 321.2649991 9.1961388
206 2 716.914 3481.250 321.2696401 9.1976514
207 2 477.394 3490.609 321.2831619 9.1980811
209 2 1678.372 3497.719 321.2153237 9.1988317
208 2 1539.810 3502.429 321.2231159 9.1990666
210 2 734.074 3543.217 321.2686661 9.2010719
211 2 125.727 3550.786 321.3029862 9.2012438
212 2 98.947 3560.830 321.3045332 9.2017824
213 2 1886.308 3558.192 321.2036354 9.2022007
218 2 1296.122 3637.004 321.2369242 9.2064234
219 2 1511.384 3662.218 321.2248348 9.2078615
220 2 1485.702 3673.233 321.2262672 9.2084574
221 2 1959.288 3682.490 321.1995101 9.2090532
222 2 1150.841 3714.976 321.2451748 9.2106747
224 2 1696.834 3754.612 321.2143497 9.2129837
226 2 792.209 3836.892 321.2654575 9.2172637
227 2 221.763 3858.263 321.2976577 9.2182091
228 2 250.590 3911.423 321.2960535 9.2211427
230 2 116.480 3942.287 321.3036165 9.2227699
233 2 405.253 3968.303 321.2873445 9.2243340
234 2 470.841 3969.407 321.2836203 9.2244314
235 2 341.448 4007.117 321.2908968 9.2264368
236 2 664.485 4013.459 321.2726768 9.2269123
237 2 498.891 4046.474 321.2820733 9.2286656
238 2 1848.491 4051.720 321.2059845 9.2293245
240 2 1554.326 4061.744 321.2225430 9.2298287
241 2 663.675 4072.047 321.2727914 9.2301266
242 2 919.390 4083.005 321.2583528 9.2308199
243 2 988.014 4093.812 321.2544567 9.2314387
244 2 1463.152 4097.217 321.2276996 9.2317481
245 2 1616.578 4132.275 321.2190479 9.2337019
246 2 1092.291 4148.235 321.2486125 9.2344525
248 2 317.505 4158.395 321.2922719 9.2347160
247 2 840.866 4156.858 321.2628219 9.2348363
2 3 511.162 21.984 321.0409153 8.7704025
3 3 1623.356 69.106 320.9794943 8.7740007
5 3 835.129 153.349 321.0229245 8.7778739
4 3 1621.088 150.591 320.9795516 8.7784525
7 3 580.628 173.626 321.0370192 8.7787562
6 3 1011.868 168.794 321.0131269 8.7788880
9 3 1921.153 201.075 320.9629931 8.7814892
10 3 178.207 259.989 321.0593646 8.7831451
11 3 85.939 303.141 321.0644639 8.7854312
13 3 460.037 328.204 321.0436655 8.7871214
14 3 1297.535 358.621 320.9973133 8.7895393
15 3 997.182 367.769 321.0138717 8.7897627
16 3 327.351 402.001 321.0509994 8.7910519
17 3 702.861 410.368 321.0302010 8.7918368
18 3 833.003 433.402 321.0229245 8.7932119
19 3 758.972 441.672 321.0270498 8.7936016
20 3 1903.585 454.688 320.9639098 8.7953376
21 3 1704.120 509.273 320.9748533 8.7981508
23 3 45.899 568.942 321.0666412 8.7999900
26 3 411.806 592.246 321.0462439 8.8015714
24 3 1064.801 582.887 321.0100902 8.8016115
25 3 1672.371 587.149 320.9765722 8.8023850
28 3 1094.968 654.852 321.0083713 8.8055878
30 3 497.257 681.476 321.0414883 8.8065332
35 3 1395.693 748.061 320.9917556 8.8109622
36 3 900.667 762.840 321.0190857 8.8113403
37 3 1574.551 775.460 320.9818434 8.8126180
38 3 1069.125 799.821 321.0097464 8.8135176
39 3 1860.347 817.058 320.9661444 8.8151505
44 3 124.540 894.049 321.0621721 8.8179293
45 3 1597.937 891.084 320.9805829 8.8189893
46 3 1261.702 904.519 320.9990894 8.8194419
50 3 417.493 932.910 321.0458428 8.8203071
48 3 1722.422 913.658 320.9736501 8.8203300
47 3 1576.115 916.872 320.9817288 8.8203873
51 3 55.141 942.483 321.0660109 8.8205420
49 3 1767.606 919.812 320.9711864 8.8207082
52 3 873.629 962.409 321.0205180 8.8222953
53 3 1002.265 1030.957 321.0134134 8.8261685
55 3 1130.227 1068.233 321.0063087 8.8283285
56 3 1670.839 1073.017 320.9764576 8.8290447
57 3 370.901 1119.493 321.0484211 8.8305401
59 3 1836.221 1140.960 320.9673476 8.8329179
60 3 1418.688 1161.345 320.9903232 8.8336914
61 3 441.033 1203.920 321.0444677 8.8352556
63 3 741.210 1256.179 321.0277946 8.8383610
66 3 375.917 1369.463 321.0480773 8.8443370
65 3 1970.362 1357.547 320.9598991 8.8449271
67 3 937.396 1377.601 321.0168511 8.8452136
70 3 1898.314 1464.962 320.9638525 8.8507827
72 3 1202.306 1484.462 321.0021834 8.8513099
71 3 1850.711 1477.565 320.9664881 8.8514359
74 3 1718.065 1506.447 320.9737647 8.8529256
75 3 1009.133 1546.076 321.0128977 8.8545585
78 3 625.130 1560.435 321.0341544 8.8550799
77 3 1555.429 1552.984 320.9827028 8.8553664
80 3 1423.795 1642.833 320.9899221 8.8602136
83 3 398.105 1706.926 321.0467595 8.8630097
84 3 1472.637 1725.581 320.9872292 8.8648145
86 3 1383.591 1759.278 320.9920993 8.8666021
87 3 1948.281 1764.276 320.9610450 8.8672897
88 3 1793.859 1794.995 320.9694675 8.8688767
89 3 1336.205 1808.918 320.9947349 8.8693122
90 3 942.770 1816.722 321.0165073 8.8694669
92 3 273.337 1826.829 321.0536923 8.8695643
91 3 592.768 1827.959 321.0359306 8.8698450
93 3 329.684 1832.348 321.0505410 8.8699081
94 3 370.936 1832.784 321.0482492 8.8699596
95 3 719.943 1843.806 321.0288832 8.8708076
96 3 1436.359 1843.818 320.9891773 8.8713118
97 3 787.994 1854.059 321.0250444 8.8714207
99 3 116.861 1917.256 321.0624586 8.8744688
101 3 577.649 1946.304 321.0367328 8.8763882
100 3 920.273 1944.817 321.0177106 8.8765429
103 3 780.477 1996.389 321.0255028 8.8792931
105 3 274.541 2029.484 321.0536350 8.8808000
106 3 1806.155 2026.588 320.9687800 8.8816594
107 3 1590.514 2030.165 320.9806975 8.8817110
108 3 462.865 2049.061 321.0431499 8.8820032
109 3 1704.442 2044.323 320.9743949 8.8825704
111 3 1797.640 2067.193 320.9692383 8.8838940
113 3 608.019 2128.479 321.0350139 8.8864952
112 3 656.557 2128.935 321.0323210 8.8865525
115 3 301.133 2157.596 321.0521453 8.8879276
114 3 1860.743 2147.637 320.9657433 8.8883802
117 3 1238.206 2193.193 321.0001208 8.8904887
119 3 1599.844 2214.474 320.9801245 8.8918982
120 3 1229.410 2246.800 321.0005791 8.8934509
121 3 592.210 2284.113 321.0359306 8.8951182
123 3 1671.398 2364.644 320.9761711 8.9002462
126 3 388.700 2387.479 321.0472752 8.9007389
125 3 1637.785 2387.209 320.9780046 8.9014723
128 3 629.652 2417.198 321.0338107 8.9025266
127 3 1219.061 2420.003 321.0011521 8.9030308
129 3 734.908 2443.187 321.0279665 8.9040277
130 3 2023.388 2436.217 320.9568051 8.9044230
131 3 1108.402 2449.263 321.0072254 8.9045892
133 3 919.362 2472.461 321.0177106 8.9057638
135 3 1292.641 2482.005 320.9970268 8.9065086
136 3 81.650 2536.229 321.0644066 8.9088348
137 3 1175.160 2552.453 321.0035585 8.9103245
138 3 591.124 2605.140 321.0359879 8.9129429
140 3 765.951 2683.975 321.0262476 8.9174177
142 3 1587.687 2719.561 320.9807548 8.9198356
143 3 1976.070 2747.290 320.9593835 8.9215889
144 3 1424.580 2754.376 320.9897502 8.9216748
146 3 1985.125 2770.034 320.9588678 8.9228494
148 3 326.012 2863.285 321.0507702 8.9271523
149 3 39.786 2900.091 321.0667557 8.9290602
150 3 840.904 2953.039 321.0220650 8.9324063
151 3 1733.859 2970.289 320.9726761 8.9337929
152 3 1628.018 2993.578 320.9785202 8.9350419
155 3 688.851 3003.780 321.0305448 8.9351450
156 3 978.516 3035.750 321.0144447 8.9370645
158 3 1266.204 3079.836 320.9985165 8.9396313
159 3 1951.030 3097.938 320.9607013 8.9409778
162 3 429.078 3117.394 321.0449833 8.9413387
163 3 189.153 3141.625 321.0583906 8.9425706
164 3 166.060 3160.152 321.0597084 8.9436076
166 3 189.779 3165.471 321.0583906 8.9439170
165 3 1425.843 3167.880 320.9896929 8.9446160
167 3 1219.555 3190.841 321.0010948 8.9457963
168 3 1649.854 3200.524 320.9773170 8.9465297
169 3 1171.674 3209.264 321.0037304 8.9467933
170 3 77.076 3258.377 321.0646931 8.9490393
171 3 1569.236 3260.281 320.9817861 8.9498070
172 3 1237.117 3288.078 321.0001208 8.9512051
173 3 337.058 3297.306 321.0501400 8.9513196
175 3 736.998 3306.127 321.0278519 8.9519900
174 3 1900.385 3302.093 320.9635660 8.9522708
176 3 1978.792 3313.350 320.9592116 8.9529297
179 3 1766.642 3366.865 320.9708999 8.9558002
180 3 225.303 3393.665 321.0564425 8.9566482
182 3 725.372 3420.273 321.0285395 8.9583384
183 3 863.423 3429.277 321.0208618 8.9588941
184 3 951.549 3452.713 321.0159917 8.9602406
187 3 1654.109 3536.646 320.9771451 8.9651680
190 3 441.854 3575.863 321.0443531 8.9668812
191 3 546.890 3593.812 321.0385089 8.9679240
193 3 1219.808 3600.201 321.0010948 8.9685428
192 3 986.849 3602.699 321.0140436 8.9685886
194 3 890.598 3633.142 321.0193721 8.9702444
195 3 40.923 3671.038 321.0668130 8.9720435
197 3 1307.744 3704.431 320.9962819 8.9743697
198 3 343.364 3722.253 321.0498535 8.9750057
200 3 1144.178 3731.975 321.0053347 8.9758365
199 3 1398.870 3732.043 320.9912399 8.9759225
202 3 157.457 3796.416 321.0602813 8.9790794
203 3 964.388 3800.288 321.0153041 8.9795837
204 3 746.544 3834.821 321.0273935 8.9814171
205 3 1087.478 3867.618 321.0084859 8.9833652
206 3 1754.586 3889.687 320.9716447 8.9847976
209 3 240.619 3900.805 321.0556404 8.9849293
211 3 1945.598 3928.476 320.9611596 8.9870149
212 3 1660.489 3968.875 320.9768587 8.9891635
213 3 540.780 3988.757 321.0389100 8.9899313
215 3 1254.556 4001.473 320.9992613 8.9908595
216 3 1947.713 4005.692 320.9610450 8.9912949
217 3 131.058 4034.627 321.0618283 8.9923606
218 3 1768.965 4071.637 320.9708999 8.9949045
219 3 126.896 4089.467 321.0620575 8.9954202
222 3 1741.191 4090.361 320.9724469 8.9959416
221 3 1874.962 4090.298 320.9650557 8.9959702
223 3 1816.376 4113.387 320.9683216 8.9972308
225 3 565.555 4133.851 321.0375922 8.9980214
224 3 134.873 4140.102 321.0615991 8.9982506
0 4 45.937 16.741 321.1853007 8.7683685
2 4 432.904 24.888 321.1635283 8.7690159
3 4 1482.741 37.837 321.1047428 8.7704254
4 4 1317.296 65.020 321.1139675 8.7717948
5 4 1069.862 81.341 321.1278330 8.7725167
6 4 101.739 129.602 321.1821494 8.7745908
7 4 1992.591 138.234 321.0762668 8.7763154
9 4 1552.215 238.717 321.1007894 8.7814835
10 4 1122.547 244.979 321.1248537 8.7815236
11 4 405.477 267.209 321.1650753 8.7822971
12 4 802.636 268.225 321.1427872 8.7825950
14 4 813.365 291.629 321.1421570 8.7838842
13 4 1918.845 284.299 321.0803348 8.7842623
17 4 265.528 326.179 321.1729248 8.7854656
16 4 1200.869 321.543 321.1204419 8.7857864
18 4 1538.374 364.179 321.1015343 8.7883533
20 4 249.112 402.622 321.1738989 8.7896596
22 4 332.448 407.010 321.1692006 8.7899461
21 4 902.626 402.542 321.1371150 8.7900320
19 4 1948.561 393.300 321.0786160 8.7902669
23 4 583.251 411.476 321.1551058 8.7903357
24 4 1953.177 410.775 321.0783868 8.7912295
26 4 622.986 434.921 321.1528713 8.7916478
25 4 1335.527 432.435 321.1128788 8.7919629
27 4 883.602 462.016 321.1382036 8.7932864
28 4 1866.778 474.400 321.0831996 8.7946844
29 4 738.115 542.230 321.1463969 8.7976180
31 4 849.141 566.356 321.1401516 8.7990045
33 4 1410.894 576.005 321.1086390 8.7999155
32 4 1252.759 580.302 321.1175198 8.8000416
34 4 773.531 598.111 321.1443915 8.8007120
35 4 266.610 611.014 321.1729248 8.8011474
37 4 1762.959 613.616 321.0889292 8.8022303
39 4 108.859 685.876 321.1818057 8.8051982
41 4 1070.850 706.615 321.1276612 8.8068713
40 4 797.045 715.299 321.1430737 8.8071921
44 4 631.272 765.802 321.1523556 8.8098736
43 4 1855.957 761.788 321.0837153 8.8104522
46 4 1457.328 786.160 321.1060034 8.8115122
47 4 1428.759 798.728 321.1076076 8.8121826
48 4 883.699 890.105 321.1381463 8.8168866
49 4 1151.518 894.058 321.1231348 8.8172532
51 4 1171.996 906.623 321.1219889 8.8179752
50 4 1500.248 908.066 321.1035969 8.8182617
52 4 423.975 946.385 321.1640440 8.8197399
54 4 315.696 991.427 321.1701173 8.8221750
55 4 828.212 993.468 321.1412976 8.8225588
53 4 1233.658 988.987 321.1185511 8.8225588
56 4 538.906 1021.601 321.1575696 8.8239454
59 4 188.114 1044.938 321.1773366 8.8250741
57 4 1942.083 1033.764 321.0788452 8.8255038
61 4 1451.574 1054.630 321.1062898 8.8263232
62 4 1195.479 1062.249 321.1206711 8.8265753
63 4 28.112 1093.832 321.1863893 8.8277040
66 4 1942.632 1131.596 321.0787879 8.8308954
69 4 544.843 1164.865 321.1572258 8.8318866
72 4 419.096 1174.385 321.1643305 8.8323507
70 4 1448.105 1167.023 321.1064617 8.8325283
71 4 1936.561 1165.052 321.0791316 8.8327460
73 4 203.758 1191.652 321.1764772 8.8331987
74 4 1257.465 1193.933 321.1171760 8.8338977
75 4 1450.720 1195.479 321.1063471 8.8341097
77 4 175.075 1211.467 321.1780814 8.8342873
76 4 1621.649 1206.376 321.0967787 8.8348144
78 4 236.636 1236.276 321.1746437 8.8356853
80 4 824.620 1254.777 321.1415267 8.8370203
82 4 1333.886 1287.662 321.1128788 8.8391288
85 4 475.918 1321.138 321.1611219 8.8405096
86 4 838.199 1323.551 321.1407246 8.8408305
87 4 1767.744 1332.968 321.0885854 8.8419134
88 4 844.464 1348.679 321.1403808 8.8422227
89 4 1955.656 1350.132 321.0780430 8.8429848
91 4 357.809 1406.740 321.1677682 8.8451964
90 4 1207.205 1399.708 321.1199835 8.8452652
93 4 135.389 1439.437 321.1803733 8.8469095
94 4 964.492 1444.010 321.1336199 8.8475742
95 4 276.240 1454.448 321.1724092 8.8478034
97 4 566.713 1514.571 321.1560226 8.8512812
98 4 1257.715 1522.646 321.1171187 8.8521005
99 4 29.187 1551.440 321.1863893 8.8530803
103 4 610.195 1616.698 321.1535588 8.8569650
104 4 742.217 1628.151 321.1461677 8.8576697
105 4 113.368 1652.834 321.1816338 8.8587469
106 4 502.329 1675.501 321.1596895 8.8601792
107 4 945.699 1677.575 321.1346512 8.8604944
109 4 1419.678 1698.760 321.1080660 8.8619611
111 4 556.290 1718.512 321.1566528 8.8625971
110 4 1713.641 1724.968 321.0915648 8.8635712
112 4 696.893 1746.655 321.1487460 8.8642243
114 4 1999.840 1782.653 321.0755220 8.8669516
115 4 306.978 1809.212 321.1706903 8.8675246
116 4 443.698 1832.699 321.1630127 8.8688825
118 4 224.618 1895.705 321.1753885 8.8723030
119 4 437.961 1909.194 321.1633564 8.8731281
117 4 1902.565 1897.228 321.0809651 8.8732484
120 4 1657.138 1925.186 321.0947161 8.8746579
121 4 783.268 1933.781 321.1438759 8.8746693
123 4 1065.924 1957.400 321.1279476 8.8761247
122 4 1942.121 1958.840 321.0787306 8.8766919
124 4 1610.834 1975.692 321.0972944 8.8774310
125 4 1558.384 1989.916 321.1002738 8.8781930
127 4 48.319 2016.551 321.1853580 8.8789665
126 4 1844.892 2006.317 321.0841737 8.8792759
130 4 487.718 2062.785 321.1605489 8.8817110
129 4 935.837 2060.958 321.1352242 8.8818199
131 4 186.803 2068.712 321.1775658 8.8819058
132 4 834.165 2091.253 321.1410111 8.8834471
133 4 968.805 2100.220 321.1333907 8.8840200
135 4 1852.622 2099.811 321.0837726 8.8844669
137 4 97.649 2127.503 321.1826078 8.8851373
138 4 1087.641 2128.346 321.1267444 8.8856472
136 4 1843.751 2126.301 321.0842310 8.8859337
139 4 127.374 2150.973 321.1808889 8.8864551
140 4 1532.626 2165.049 321.1017062 8.8879104
144 4 230.016 2188.212 321.1751021 8.8885808
143 4 1019.788 2187.227 321.1305259 8.8888902
145 4 463.388 2197.063 321.1619240 8.8891766
146 4 601.051 2207.375 321.1541891 8.8897840
147 4 1298.394 2220.844 321.1148842 8.8909012
148 4 808.536 2237.900 321.1424435 8.8916060
149 4 1517.839 2234.702 321.1025083 8.8917836
150 4 293.019 2246.446 321.1715497 8.8918524
152 4 813.743 2347.768 321.1421570 8.8977309
153 4 170.214 2373.399 321.1784825 8.8988711
155 4 214.856 2383.674 321.1759615 8.8994784
154 4 1273.815 2376.883 321.1162593 8.8995701
156 4 435.036 2388.108 321.1635283 8.8998165
157 4 68.803 2407.985 321.1842694 8.9007962
158 4 1232.888 2413.632 321.1185511 8.9015984
159 4 1374.158 2426.777 321.1105870 8.9024062
160 4 1595.484 2426.506 321.0981538 8.9024979
161 4 1695.852 2427.517 321.0925388 8.9026068
162 4 603.920 2438.996 321.1540172 8.9027271
163 4 91.670 2450.575 321.1829516 8.9031797
164 4 1583.732 2456.874 321.0988414 8.9041881
165 4 1233.109 2495.294 321.1185511 8.9061534
167 4 37.120 2520.472 321.1860456 8.9070587
168 4 124.618 2541.535 321.1811181 8.9082676
169 4 763.460 2558.636 321.1450218 8.9094708
172 4 1293.494 2644.008 321.1151707 8.9144670
173 4 1313.152 2662.180 321.1140248 8.9154869
174 4 853.334 2666.486 321.1399797 8.9155212
175 4 844.458 2701.796 321.1404954 8.9175323
176 4 1690.506 2706.802 321.0928253 8.9181568
178 4 218.340 2731.375 321.1758469 8.9188902
177 4 1954.187 2727.596 321.0780430 8.9194403
180 4 687.002 2775.148 321.1493763 8.9215144
181 4 451.256 2830.375 321.1627262 8.9245167
185 4 270.662 2932.059 321.1729248 8.9301317
183 4 1011.040 2931.397 321.1310989 8.9303838
184 4 1588.592 2929.581 321.0986122 8.9305270
187 4 927.370 2937.330 321.1357972 8.9306817
186 4 1966.042 2934.723 321.0774128 8.9309854
188 4 289.498 2958.177 321.1718935 8.9315984
189 4 1956.143 2959.104 321.0779857 8.9323376
191 4 815.406 3000.976 321.1421570 8.9342169
193 4 63.111 3024.371 321.1847278 8.9352367
192 4 2017.764 3013.792 321.0744907 8.9354143
194 4 678.829 3054.719 321.1498919 8.9371389
195 4 1119.500 3064.001 321.1250256 8.9378379
196 4 626.497 3077.471 321.1528713 8.9383937
197 4 707.101 3079.533 321.1482876 8.9385370
199 4 274.474 3093.209 321.1727529 8.9391500
198 4 447.016 3092.830 321.1629554 8.9391787
200 4 1229.629 3095.930 321.1188376 8.9396600
202 4 221.476 3107.633 321.1757896 8.9399522
201 4 90.477 3108.990 321.1831808 8.9399808
203 4 1604.230 3132.771 321.0977528 8.9418716
204 4 1332.198 3138.677 321.1130507 8.9420950
205 4 244.052 3184.677 321.1745291 8.9442436
208 4 139.415 3202.742 321.1804306 8.9452406
209 4 698.871 3248.823 321.1487460 8.9480022
212 4 884.638 3291.391 321.1382609 8.9504487
213 4 868.503 3299.171 321.1392349 8.9508842
214 4 1056.590 3312.356 321.1286352 8.9516921
215 4 741.481 3322.027 321.1463969 8.9521103
217 4 1591.859 3341.757 321.0984403 8.9535370
216 4 1778.157 3343.536 321.0880125 8.9537089
219 4 1104.268 3354.470 321.1259423 8.9540641
220 4 1953.770 3417.874 321.0781576 8.9579258
221 4 1222.732 3432.605 321.1192960 8.9584759
222 4 1820.815 3434.920 321.0856061 8.9588311
223 4 1065.486 3443.194 321.1281195 8.9590087
224 4 1433.218 3473.777 321.1074357 8.9608537
225 4 588.110 3481.922 321.1551058 8.9610084
226 4 1328.332 3492.305 321.1133372 8.9618506
228 4 318.627 3498.795 321.1703465 8.9618621
230 4 707.084 3525.878 321.1484022 8.9635007
229 4 844.960 3527.906 321.1406100 8.9636669
232 4 546.790 3581.879 321.1574550 8.9665890
235 4 407.014 3612.045 321.1653618 8.9682334
234 4 1314.810 3610.452 321.1140821 8.9684454
236 4 1755.004 3621.727 321.0893303 8.9692360
237 4 1227.579 3647.616 321.1190095 8.9705080
238 4 891.780 3727.034 321.1379744 8.9748338
239 4 1927.333 3752.835 321.0797046 8.9766157
240 4 924.636 3774.373 321.1361409 8.9774866
241 4 619.715 3777.084 321.1533870 8.9775497
242 4 908.923 3815.815 321.1370004 8.9797899
243 4 1182.288 3826.032 321.1216451 8.9804603
244 4 966.143 3831.854 321.1338491 8.9807238
245 4 640.925 3867.333 321.1522410 8.9826031
246 4 1266.240 3870.668 321.1168895 8.9829870
248 4 1458.169 3881.742 321.1061179 8.9836631
247 4 1948.173 3881.442 321.0785587 8.9838121
249 4 171.474 3896.307 321.1787690 8.9840986
250 4 1740.527 3889.117 321.0901897 8.9841673
251 4 1852.888 3948.710 321.0838872 8.9875248
252 4 315.845 3964.574 321.1706330 8.9879718
254 4 918.033 3966.885 321.1365420 8.9882640
253 4 286.690 3971.789 321.1722946 8.9883671
255 4 1752.345 3986.900 321.0895595 8.9896391
256 4 1948.581 3986.073 321.0785587 8.9896562
257 4 419.701 4007.838 321.1647315 8.9904068
258 4 1901.003 4027.250 321.0812516 8.9919366
259 4 753.443 4037.873 321.1458812 8.9921887
263 4 1867.606 4045.268 321.0831423 8.9929336
261 4 1427.904 4049.538 321.1078368 8.9930081
262 4 2016.197 4052.459 321.0747772 8.9933747
264 4 321.452 4065.468 321.1703465 8.9936268
265 4 1546.926 4072.528 321.1011332 8.9943660
267 4 969.069 4106.488 321.1337345 8.9961020
268 4 460.519 4115.114 321.1624397 8.9964286
269 4 154.593 4146.981 321.1798003 8.9981475
270 4 1896.686 4163.904 321.0815381 8.9995971
1 5 99.216 32.271 321.3021268 8.7682539
0 5 859.919 31.411 321.2593269 8.7683398
2 5 984.940 43.552 321.2522795 8.7690446
4 5 561.632 93.058 321.2761718 8.7716573
5 5 390.029 114.538 321.2857975 8.7728089
6 5 1537.979 137.428 321.2211679 8.7743845
7 5 60.313 151.302 321.3044186 8.7747799
9 5 372.652 190.404 321.2868288 8.7769686
10 5 1555.794 198.749 321.2201365 8.7777535
11 5 46.941 213.629 321.3051635 8.7782004
12 5 1135.220 211.246 321.2438570 8.7782921
13 5 1570.569 229.382 321.2193344 8.7794438
15 5 35.434 274.094 321.3058510 8.7815236
16 5 268.536 275.126 321.2927303 8.7816095
19 5 794.950 306.911 321.2631084 8.7834602
18 5 1890.047 301.932 321.2013435 8.7835633
21 5 589.925 346.750 321.2746248 8.7856031
22 5 196.805 348.553 321.2967983 8.7856317
24 5 900.363 355.454 321.2571496 8.7861588
26 5 805.169 372.589 321.2625354 8.7870698
27 5 1171.019 380.351 321.2419089 8.7875798
28 5 1579.434 389.410 321.2188760 8.7882501
31 5 874.643 405.076 321.2585820 8.7888861
33 5 159.459 416.632 321.2989182 8.7893789
34 5 1664.890 458.115 321.2140632 8.7920660
35 5 1561.056 466.614 321.2199074 8.7924957
37 5 436.796 504.730 321.2833338 8.7942719
36 5 1290.868 504.345 321.2351480 8.7944667
38 5 2006.661 542.060 321.1948118 8.7968330
39 5 1617.743 557.134 321.2166988 8.7975034
40 5 1896.322 571.056 321.2010570 8.7983686
41 5 1543.979 578.397 321.2208814 8.7986436
43 5 1394.957 581.651 321.2293039 8.7987639
42 5 1749.630 585.000 321.2093076 8.7990905
44 5 1567.712 654.752 321.2195636 8.8028663
45 5 919.638 663.432 321.2561183 8.8031298
46 5 535.933 667.761 321.2778334 8.8032788
47 5 2009.641 689.191 321.1946399 8.8049461
49 5 611.441 698.224 321.2735362 8.8049748
48 5 792.795 698.105 321.2633376 8.8050149
50 5 1660.596 743.755 321.2143497 8.8078166
52 5 166.815 763.466 321.2986891 8.8084927
51 5 1808.399 759.363 321.2059845 8.8087334
54 5 1420.996 794.959 321.2278715 8.8105439
53 5 1732.127 794.920 321.2103390 8.8106642
55 5 1326.154 802.324 321.2332573 8.8109221
56 5 1828.283 799.719 321.2048959 8.8109622
57 5 1556.717 812.308 321.2201938 8.8115580
58 5 569.992 822.721 321.2759426 8.8118445
59 5 332.455 828.264 321.2893498 8.8120966
60 5 1752.128 829.892 321.2091931 8.8125951
61 5 1863.155 846.202 321.2029478 8.8135462
63 5 1633.849 865.440 321.2158967 8.8145260
64 5 705.165 874.598 321.2683223 8.8147380
65 5 863.491 909.745 321.2593842 8.8167261
66 5 1263.120 911.751 321.2368096 8.8169439
68 5 1310.516 918.679 321.2341740 8.8173392
69 5 345.936 937.097 321.2886050 8.8181184
71 5 702.164 936.219 321.2684942 8.8181413
72 5 614.354 965.724 321.2734789 8.8197513
73 5 471.372 972.089 321.2815576 8.8200779
74 5 1163.015 992.362 321.2425392 8.8213728
75 5 134.952 1004.889 321.3005798 8.8218827
77 5 1306.388 1014.355 321.2344032 8.8226391
80 5 604.864 1021.890 321.2740519 8.8228797
76 5 1560.935 1017.389 321.2200792 8.8229542
79 5 1941.954 1028.774 321.1985360 8.8236761
82 5 136.327 1072.503 321.3005225 8.8255783
83 5 1284.201 1072.996 321.2356637 8.8258763
84 5 1148.960 1114.021 321.2433413 8.8280993
85 5 500.819 1126.460 321.2799533 8.8286265
86 5 871.780 1134.529 321.2589831 8.8291708
88 5 985.815 1182.915 321.2525660 8.8318694
87 5 1672.996 1180.517 321.2137194 8.8319725
89 5 46.231 1216.138 321.3056791 8.8335138
90 5 616.376 1230.163 321.2734789 8.8343847
91 5 630.879 1239.345 321.2726195 8.8349118
92 5 1622.951 1256.470 321.2165842 8.8361666
94 5 1364.085 1269.113 321.2311946 8.8367682
96 5 1227.600 1293.060 321.2389296 8.8380516
99 5 803.549 1391.579 321.2629365 8.8433973
101 5 39.771 1414.653 321.3061375 8.8445146
104 5 792.147 1496.942 321.2636240 8.8492415
103 5 747.408 1501.268 321.2661451 8.8494707
105 5 2025.905 1514.528 321.1938378 8.8506395
108 5 1580.396 1596.879 321.2190479 8.8550398
110 5 1596.724 1688.387 321.2181312 8.8601334
111 5 1167.699 1695.159 321.2424246 8.8603683
113 5 375.909 1705.274 321.2872299 8.8607236
114 5 460.216 1733.890 321.2824744 8.8623393
115 5 2021.179 1757.887 321.1941243 8.8641613
117 5 1418.632 1788.126 321.2282725 8.8656166
120 5 273.205 1803.160 321.2930741 8.8661495
121 5 1455.232 1828.293 321.2261526 8.8678626
122 5 1388.672 1848.782 321.2299341 8.8689799
124 5 402.587 1888.704 321.2857975 8.8709394
125 5 108.739 1907.028 321.3024133 8.8718962
126 5 1652.190 1952.857 321.2150372 8.8748756
127 5 1102.374 1963.796 321.2462061 8.8752996
128 5 295.328 1981.466 321.2919282 8.8760903
129 5 1390.161 2002.016 321.2299341 8.8775112
130 5 1931.701 2017.680 321.1992236 8.8785884
131 5 1521.913 2036.797 321.2224857 8.8794994
132 5 490.071 2046.287 321.2808701 8.8797343
133 5 14.644 2050.578 321.3077991 8.8798718
135 5 1966.263 2078.277 321.1972755 8.8819860
136 5 543.721 2088.657 321.2778907 8.8821063
137 5 1912.641 2093.646 321.2003122 8.8828225
134 5 888.729 2117.859 321.2583528 8.8838252
138 5 1812.611 2150.091 321.2059845 8.8859280
140 5 439.278 2192.254 321.2837922 8.8878588
141 5 373.057 2270.570 321.2875737 8.8922076
142 5 1291.335 2276.515 321.2355491 8.8927977
143 5 1684.119 2294.692 321.2133183 8.8939436
144 5 974.549 2302.546 321.2535400 8.8941556
145 5 795.432 2340.999 321.2636813 8.8962412
146 5 337.870 2355.348 321.2896363 8.8969345
147 5 1989.638 2358.643 321.1960150 8.8976392
149 5 1678.462 2444.408 321.2136621 8.9023031
150 5 462.951 2474.406 321.2825889 8.9036037
152 5 1340.033 2495.086 321.2328562 8.9050247
154 5 242.265 2536.092 321.2950794 8.9070014
153 5 1500.173 2533.897 321.2238035 8.9072363
155 5 1923.323 2550.325 321.1997965 8.9083020
156 5 716.494 2581.847 321.2682077 8.9096771
157 5 1267.537 2604.084 321.2369815 8.9110808
158 5 1172.906 2623.836 321.2423673 8.9121522
159 5 134.704 2637.976 321.3012101 8.9126679
161 5 1191.708 2679.984 321.2413360 8.9153035
162 5 1277.339 2712.015 321.2364658 8.9171198
163 5 721.532 2721.244 321.2679785 8.9174693
164 5 698.662 2743.807 321.2692963 8.9187183
165 5 1525.795 2749.523 321.2224284 8.9192970
166 5 1868.998 2781.331 321.2029478 8.9211993
167 5 1543.222 2806.079 321.2213971 8.9224655
168 5 1020.790 2826.171 321.2510190 8.9234281
169 5 670.651 2852.384 321.2709006 8.9247860
171 5 1228.852 2862.787 321.2392733 8.9255365
173 5 1575.905 2901.042 321.2195636 8.9277883
175 5 789.668 2925.610 321.2641970 8.9289227
174 5 1678.180 2922.101 321.2137767 8.9289972
177 5 717.289 2943.509 321.2683223 8.9299025
178 5 145.821 2962.546 321.3007517 8.9308192
179 5 2013.917 2980.146 321.1947545 8.9323662
182 5 1450.333 3036.182 321.2267256 8.9353055
183 5 1755.778 3047.952 321.2094222 8.9360675
184 5 838.057 3059.207 321.2614468 8.9364170
185 5 498.355 3087.993 321.2807555 8.9379296
186 5 1898.698 3099.763 321.2013435 8.9390182
188 5 189.992 3143.406 321.2982880 8.9408918
190 5 816.303 3140.575 321.2627646 8.9409663
191 5 1753.596 3149.445 321.2095368 8.9417627
192 5 579.324 3172.512 321.2761718 8.9426852
193 5 1942.559 3182.298 321.1988798 8.9436477
194 5 1658.681 3185.483 321.2149799 8.9437394
195 5 1287.071 3192.852 321.2360648 8.9440259
196 5 1996.700 3203.561 321.1957858 8.9448567
198 5 385.137 3251.085 321.2872872 8.9470339
197 5 526.174 3255.026 321.2792658 8.9472918
199 5 1980.674 3265.835 321.1967026 8.9483403
200 5 400.462 3289.813 321.2863705 8.9492054
201 5 2016.108 3293.164 321.1947545 8.9498758
202 5 1205.690 3301.930 321.2407057 8.9501164
203 5 241.733 3312.092 321.2954232 8.9504086
205 5 1493.603 3324.591 321.2243764 8.9514572
207 5 482.227 3331.281 321.2817868 8.9515603
206 5 646.843 3332.053 321.2724476 8.9516405
209 5 579.757 3341.962 321.2762291 8.9521848
210 5 521.641 3344.730 321.2795523 8.9523166
211 5 1095.864 3358.558 321.2469510 8.9532505
214 5 967.518 3463.374 321.2542848 8.9590890
215 5 1018.429 3478.915 321.2513627 8.9599770
216 5 734.544 3482.619 321.2674629 8.9601088
217 5 762.043 3492.238 321.2659159 8.9606474
218 5 146.653 3515.033 321.3008663 8.9617647
219 5 731.946 3521.210 321.2676347 8.9622689
220 5 1298.028 3553.290 321.2354918 8.9642284
221 5 648.205 3565.478 321.2724476 8.9647211
222 5 1163.001 3571.990 321.2431694 8.9652368
223 5 1987.667 3591.899 321.1964161 8.9666062
224 5 1341.003 3596.893 321.2330854 8.9666864
225 5 1679.925 3612.810 321.2138913 8.9676833
226 5 1113.323 3645.731 321.2460342 8.9693621
227 5 115.947 3700.158 321.3026998 8.9721237
230 5 1926.017 3716.907 321.1999684 8.9735962
232 5 1965.188 3751.981 321.1977339 8.9755672
233 5 1028.186 3757.000 321.2509044 8.9755672
234 5 1098.238 3774.167 321.2469510 8.9765527
235 5 979.486 3791.707 321.2537119 8.9774637
239 5 948.202 3820.721 321.2554880 8.9791196
240 5 1866.894 3858.568 321.2033489 8.9815202
241 5 1043.011 3867.520 321.2501022 8.9817724
242 5 235.177 3887.746 321.2959389 8.9826662
244 5 58.822 3899.108 321.3059656 8.9832563
243 5 386.491 3897.489 321.2873445 8.9832563
245 5 714.053 3896.737 321.2687807 8.9833136
246 5 364.618 3932.010 321.2886050 8.9851872
247 5 149.291 3972.203 321.3008663 8.9873816
248 5 1870.272 3975.851 321.2031770 8.9880921
250 5 1025.248 4040.229 321.2511336 8.9914496
251 5 745.724 4042.875 321.2670045 8.9915241
252 5 102.960 4072.302 321.3035019 8.9929794
253 5 1142.999 4117.841 321.2444873 8.9958385
254 5 638.382 4133.185 321.2731351 8.9965547
255 5 925.975 4138.929 321.2568058 8.9969557
2 6 746.463 13.725 321.5057560 9.0028629
3 6 1268.023 14.246 321.4768216 9.0030864
4 6 1085.899 26.065 321.4869630 9.0036823
6 6 428.841 78.632 321.5232885 9.0063522
7 6 1037.148 82.568 321.4896559 9.0068049
8 6 1837.379 79.721 321.4451371 9.0069424
9 6 1396.541 106.819 321.4697170 9.0082946
13 6 1151.775 136.888 321.4832961 9.0098759
15 6 1233.078 153.133 321.4788270 9.0108099
16 6 1114.869 155.266 321.4854160 9.0108843
18 6 1313.161 186.465 321.4743579 9.0127006
20 6 1477.570 213.531 321.4652479 9.0142705
21 6 1161.750 225.587 321.4827804 9.0148091
22 6 2016.381 223.487 321.4351103 9.0150326
24 6 306.650 244.497 321.5301067 9.0155138
23 6 594.513 243.139 321.5142358 9.0155539
25 6 859.006 254.090 321.4996254 9.0162759
26 6 1997.860 264.494 321.4361989 9.0173187
27 6 1699.176 282.623 321.4528720 9.0182125
28 6 969.264 302.337 321.4934947 9.0190031
29 6 584.465 346.313 321.5148087 9.0212835
30 6 1219.432 349.079 321.4796291 9.0217018
31 6 144.545 370.206 321.5391021 9.0224180
32 6 1257.812 392.790 321.4775092 9.0241655
35 6 509.079 454.702 321.5189913 9.0272652
36 6 1207.834 458.960 321.4803167 9.0278267
38 6 86.950 481.120 321.5422534 9.0285429
37 6 1565.632 475.838 321.4603777 9.0289210
41 6 457.108 536.389 321.5219134 9.0317744
43 6 327.178 551.171 321.5290754 9.0325421
42 6 1181.272 544.151 321.4818064 9.0325536
45 6 1560.220 616.029 321.4607215 9.0367305
47 6 313.555 641.301 321.5298202 9.0375326
46 6 1722.425 639.076 321.4516688 9.0380941
48 6 55.204 662.350 321.5440296 9.0385525
49 6 205.566 662.947 321.5357790 9.0386785
50 6 1085.093 662.066 321.4871922 9.0390681
52 6 201.549 712.073 321.5360082 9.0413943
51 6 1701.124 699.174 321.4528720 9.0414287
54 6 1454.897 720.699 321.4666230 9.0425001
55 6 1434.177 729.463 321.4677689 9.0429872
57 6 1289.130 742.067 321.4758476 9.0435945
56 6 1090.995 744.728 321.4868484 9.0436633
58 6 1632.239 829.412 321.4567108 9.0486537
59 6 927.115 845.308 321.4959584 9.0491694
60 6 50.318 883.284 321.5443734 9.0507966
61 6 972.135 889.058 321.4934374 9.0516159
62 6 32.847 907.632 321.5452901 9.0521430
63 6 1572.486 908.602 321.4600913 9.0530254
64 6 213.512 957.388 321.5353779 9.0550021
66 6 1255.920 959.936 321.4777384 9.0557126
65 6 2033.771 957.249 321.4343082 9.0559704
67 6 1781.941 997.957 321.4484029 9.0581018
68 6 1075.226 1009.859 321.4877651 9.0583997
69 6 1079.323 1027.341 321.4875359 9.0593623
70 6 1576.143 1032.685 321.4599194 9.0599410
71 6 1210.587 1078.984 321.4802594 9.0623130
74 6 1890.434 1158.655 321.4423869 9.0671201
75 6 982.425 1181.449 321.4929218 9.0678707
76 6 66.558 1196.606 321.5435139 9.0681572
77 6 1223.901 1217.696 321.4795718 9.0700250
79 6 1371.672 1245.083 321.4713212 9.0716351
81 6 1208.783 1272.407 321.4803740 9.0730560
83 6 705.982 1285.182 321.5082770 9.0734571
82 6 1801.445 1283.002 321.4473716 9.0739899
84 6 1600.173 1323.774 321.4586016 9.0761328
89 6 1805.194 1404.488 321.4471997 9.0807565
90 6 1449.373 1410.295 321.4670241 9.0808654
94 6 65.698 1468.846 321.5435712 9.0832145
93 6 1138.125 1461.814 321.4843274 9.0835239
96 6 366.535 1483.830 321.5270127 9.0842459
98 6 468.808 1539.906 321.5213978 9.0874143
99 6 1010.299 1575.025 321.4914321 9.0897233
100 6 754.725 1589.547 321.5055841 9.0903650
101 6 1744.718 1611.089 321.4505802 9.0921928
107 6 24.476 1712.809 321.5458058 9.0966676
108 6 951.990 1723.351 321.4946406 9.0979052
109 6 805.518 1746.185 321.5027766 9.0990683
110 6 1431.193 1777.614 321.4680554 9.1012226
111 6 1989.650 1783.883 321.4368865 9.1019617
112 6 1646.927 1832.630 321.4560233 9.1044369
114 6 965.322 1871.911 321.4938958 9.1061443
118 6 1564.222 1940.512 321.4606642 9.1103727
123 6 375.420 2059.286 321.5264971 9.1160507
124 6 261.483 2076.972 321.5327423 9.1169732
127 6 325.700 2105.298 321.5291900 9.1185603
125 6 1547.511 2088.703 321.4615810 9.1185775
128 6 1439.995 2167.655 321.4675397 9.1228689
130 6 15.001 2203.237 321.5463214 9.1237169
131 6 1621.944 2210.298 321.4573984 9.1253613
132 6 1517.647 2211.770 321.4631852 9.1253670
133 6 47.338 2244.006 321.5444880 9.1259916
134 6 677.030 2258.924 321.5098240 9.1273208
135 6 840.105 2279.944 321.5008286 9.1286100
136 6 1576.382 2344.491 321.4599767 9.1327639
138 6 1905.146 2395.712 321.4416420 9.1358407
139 6 1601.212 2456.406 321.4585443 9.1389691
141 6 1045.223 2481.619 321.4894267 9.1399202
142 6 1456.541 2481.436 321.4666230 9.1402410
145 6 212.941 2571.015 321.5353779 9.1441371
144 6 1989.243 2561.178 321.4369438 9.1450596
148 6 102.376 2604.867 321.5414513 9.1459018
147 6 240.520 2607.139 321.5338882 9.1461482
150 6 1200.117 2637.839 321.4808323 9.1486692
149 6 1995.417 2627.790 321.4365427 9.1487437
152 6 108.739 2665.010 321.5411075 9.1492135
154 6 1792.097 2664.474 321.4478873 9.1506230
153 6 1622.788 2667.781 321.4573411 9.1506688
155 6 1855.372 2677.276 321.4443922 9.1513736
160 6 1864.042 2807.610 321.4438766 9.1585871
162 6 874.405 2827.248 321.4988232 9.1588335
161 6 1952.861 2814.347 321.4389491 9.1590226
168 6 1813.454 2944.905 321.4466841 9.1661158
169 6 1841.426 2970.656 321.4451371 9.1675596
172 6 1482.538 3009.160 321.4650760 9.1693817
174 6 1032.105 3017.853 321.4901143 9.1694619
173 6 1617.463 3011.692 321.4575703 9.1696338
175 6 1312.324 3021.090 321.4745298 9.1698916
176 6 404.667 3106.907 321.5247209 9.1737705
177 6 1138.780 3148.559 321.4841555 9.1767499
179 6 1959.078 3183.515 321.4385481 9.1793855
180 6 1760.615 3194.641 321.4495488 9.1798381
183 6 1340.890 3224.926 321.4729255 9.1811330
184 6 1027.854 3255.453 321.4902288 9.1825253
185 6 183.804 3274.671 321.5368103 9.1827717
188 6 12.064 3295.370 321.5462641 9.1837457
189 6 588.233 3305.397 321.5145223 9.1848401
186 6 2003.640 3283.669 321.4360270 9.1849432
187 6 1871.814 3290.414 321.4433609 9.1852010
195 6 488.427 3365.165 321.5200227 9.1880257
192 6 1642.619 3345.647 321.4561379 9.1880372
196 6 327.296 3371.842 321.5289035 9.1882377
193 6 1851.088 3351.555 321.4445068 9.1885471
194 6 1909.333 3359.045 321.4412983 9.1890112
198 6 310.278 3401.936 321.5298202 9.1898706
197 6 1740.863 3389.703 321.4506375 9.1905467
199 6 914.748 3413.251 321.4964741 9.1910796
202 6 500.679 3503.495 321.5192778 9.1956231
201 6 1834.559 3490.594 321.4454235 9.1961789
203 6 1618.100 3504.968 321.4574557 9.1967690
204 6 1392.418 3511.263 321.4700034 9.1969065
205 6 1123.027 3526.715 321.4849003 9.1975024
206 6 65.170 3545.710 321.5432847 9.1975024
209 6 973.434 3560.223 321.4932082 9.1991926
210 6 824.616 3587.398 321.5014015 9.2005391
211 6 176.337 3601.094 321.5371541 9.2006480
213 6 1446.230 3625.315 321.4669668 9.2032148
214 6 562.010 3669.360 321.5158974 9.2047733
215 6 589.230 3671.696 321.5144077 9.2049222
216 6 1516.315 3671.930 321.4630706 9.2058447
217 6 529.987 3708.364 321.5176162 9.2068703
218 6 876.004 3709.804 321.4985367 9.2072943
221 6 2031.314 3743.491 321.4344228 9.2102335
225 6 1333.709 3820.709 321.4731547 9.2138088
226 6 216.701 3843.744 321.5348623 9.2139578
229 6 23.662 3874.315 321.5454620 9.2154417
227 6 1668.434 3859.909 321.4545909 9.2162611
228 6 1756.660 3867.531 321.4496634 9.2167767
230 6 1574.487 3901.782 321.4597475 9.2184784
231 6 1864.264 3911.864 321.4436474 9.2192977
234 6 1428.861 3952.611 321.4678262 9.2211197
235 6 111.955 3988.519 321.5405918 9.2217672
237 6 1995.465 4032.174 321.4363135 9.2260071
238 6 1653.800 4045.863 321.4553357 9.2264368
239 6 1809.429 4074.118 321.4466841 9.2281270
240 6 1240.099 4089.639 321.4782540 9.2284250
241 6 846.509 4112.195 321.5000264 9.2292672
0 7 1715.723 26.230 321.3323790 9.0046849
1 7 1871.301 32.920 321.3235554 9.0051147
2 7 176.005 58.263 321.4192394 9.0059512
3 7 146.357 81.808 321.4209010 9.0072346
4 7 1002.991 90.470 321.3727152 9.0080367
5 7 1378.077 118.120 321.3515158 9.0097155
6 7 1193.588 125.513 321.3619436 9.0100650
8 7 1602.212 136.033 321.3388534 9.0107984
9 7 1928.089 187.411 321.3204042 9.0137892
10 7 1472.915 222.925 321.3461873 9.0156170
11 7 2019.664 243.122 321.3152475 9.0169348
12 7 1478.133 280.683 321.3459008 9.0188599
14 7 147.002 300.271 321.4209583 9.0194443
15 7 2022.592 300.716 321.3150757 9.0201605
16 7 1477.976 337.353 321.3459581 9.0220284
17 7 654.797 345.168 321.3924250 9.0221659
18 7 1980.020 365.503 321.3174821 9.0237873
20 7 36.824 399.745 321.4271462 9.0249562
19 7 1166.592 392.873 321.3635479 9.0250192
21 7 358.182 451.396 321.4090980 9.0279814
22 7 236.899 455.570 321.4159162 9.0281647
23 7 1473.635 461.837 321.3462446 9.0290013
25 7 230.286 524.437 321.4163173 9.0320093
24 7 645.217 521.576 321.3929979 9.0320207
26 7 1618.989 527.591 321.3380513 9.0327312
27 7 449.208 544.492 321.4040560 9.0332182
28 7 2000.038 561.968 321.3164507 9.0347996
29 7 779.165 573.963 321.3854922 9.0350001
31 7 1190.073 578.791 321.3622874 9.0354356
33 7 1033.986 604.998 321.3711109 9.0368451
34 7 436.538 629.960 321.4047435 9.0379910
35 7 1526.747 625.230 321.3432652 9.0381686
36 7 1455.821 670.933 321.3472759 9.0406953
38 7 1744.548 679.789 321.3309466 9.0413084
39 7 312.914 697.976 321.4117336 9.0417324
40 7 1250.718 703.286 321.3589069 9.0424314
41 7 866.320 742.278 321.3805647 9.0444425
42 7 967.293 751.464 321.3748924 9.0450040
44 7 878.962 800.951 321.3799345 9.0477599
45 7 128.716 830.785 321.4221042 9.0490605
46 7 1425.265 835.074 321.3490520 9.0498741
47 7 553.090 864.276 321.3982691 9.0511289
48 7 310.216 898.436 321.4119055 9.0529051
49 7 316.113 923.223 321.4116190 9.0543088
51 7 793.026 926.765 321.3847473 9.0547271
50 7 1849.155 921.607 321.3251024 9.0548875
52 7 575.777 946.621 321.3970086 9.0557355
53 7 385.614 953.656 321.4076656 9.0560391
55 7 539.389 987.302 321.3990713 9.0579929
54 7 1884.349 978.070 321.3230971 9.0580674
56 7 154.966 996.348 321.4206145 9.0583081
57 7 832.556 1014.211 321.3825701 9.0596316
58 7 719.577 1041.960 321.3889299 9.0611270
60 7 800.355 1073.361 321.3844035 9.0629204
61 7 1467.748 1072.609 321.3467029 9.0631725
64 7 287.169 1104.451 321.4132806 9.0644101
65 7 813.011 1113.543 321.3836587 9.0651664
66 7 1445.307 1138.405 321.3480207 9.0668509
67 7 1805.546 1146.721 321.3276234 9.0674639
69 7 935.214 1166.453 321.3767832 9.0681858
70 7 1533.507 1178.482 321.3429787 9.0691198
71 7 1640.035 1193.667 321.3369626 9.0700193
72 7 1741.507 1212.437 321.3312331 9.0711079
73 7 1668.553 1263.578 321.3353584 9.0739326
74 7 885.823 1307.092 321.3795907 9.0760067
76 7 449.919 1315.322 321.4041133 9.0762474
77 7 1010.330 1330.467 321.3726006 9.0773704
80 7 901.366 1344.581 321.3787313 9.0781095
82 7 1600.237 1350.381 321.3392545 9.0787569
83 7 1465.835 1354.404 321.3468748 9.0789231
86 7 604.543 1400.451 321.3954616 9.0810774
87 7 1206.068 1396.339 321.3615425 9.0811404
89 7 1546.833 1416.344 321.3422911 9.0824124
92 7 457.580 1463.931 321.4037122 9.0845323
91 7 1590.735 1459.261 321.3398274 9.0848360
94 7 1496.106 1468.266 321.3451559 9.0852886
95 7 639.116 1484.085 321.3935136 9.0857470
96 7 436.639 1487.629 321.4049154 9.0858444
97 7 686.547 1506.973 321.3908780 9.0870533
98 7 1197.772 1520.426 321.3620582 9.0880560
99 7 668.649 1530.443 321.3918520 9.0883597
100 7 1297.169 1529.999 321.3564432 9.0886462
102 7 279.581 1542.612 321.4137390 9.0888181
103 7 1580.545 1567.874 321.3404577 9.0908922
105 7 1960.383 1610.758 321.3189718 9.0934590
106 7 1835.095 1705.874 321.3260764 9.0987073
108 7 1169.232 1779.883 321.3637198 9.1025117
109 7 1094.444 1813.062 321.3679024 9.1043280
111 7 1612.642 1846.307 321.3386815 9.1064250
112 7 320.940 1874.221 321.4114472 9.1072959
113 7 645.273 1879.289 321.3932271 9.1077715
114 7 226.084 1890.872 321.4167757 9.1081611
118 7 605.496 1964.245 321.3954616 9.1124698
122 7 393.267 1998.085 321.4073792 9.1142287
120 7 1833.962 1994.687 321.3261910 9.1148074
121 7 1993.788 1999.561 321.3171383 9.1151455
123 7 569.903 2033.549 321.3974670 9.1163086
124 7 373.838 2043.921 321.4084678 9.1167612
126 7 177.297 2086.572 321.4195259 9.1190072
127 7 424.359 2090.695 321.4056603 9.1193911
128 7 249.816 2094.844 321.4154579 9.1194999
129 7 29.247 2104.880 321.4277764 9.1199239
131 7 150.116 2194.548 321.4210728 9.1249832
135 7 530.161 2224.702 321.3997588 9.1268968
133 7 1851.704 2217.407 321.3252170 9.1272177
136 7 607.727 2248.503 321.3953470 9.1282662
138 7 642.761 2281.779 321.3933990 9.1301340
139 7 401.448 2310.122 321.4069781 9.1315607
140 7 165.039 2329.349 321.4202134 9.1324717
141 7 459.501 2345.351 321.4037122 9.1335489
143 7 993.193 2376.975 321.3736892 9.1356287
145 7 40.541 2391.576 321.4271462 9.1358178
144 7 1515.924 2389.228 321.3442392 9.1365970
146 7 1690.219 2396.983 321.3343843 9.1371127
147 7 1166.991 2411.343 321.3638917 9.1376341
148 7 1575.317 2416.359 321.3408588 9.1381325
149 7 1097.281 2423.535 321.3678451 9.1382758
152 7 440.979 2451.015 321.4047435 9.1393930
150 7 1090.929 2455.913 321.3681888 9.1400691
151 7 1541.764 2457.828 321.3427495 9.1404186
154 7 633.043 2468.818 321.3939719 9.1405103
153 7 1409.068 2464.769 321.3502553 9.1407452
157 7 1868.751 2552.312 321.3243003 9.1458445
159 7 1088.277 2586.003 321.3683607 9.1472769
160 7 1291.778 2609.004 321.3569016 9.1486750
161 7 1336.465 2611.016 321.3543806 9.1488125
162 7 1608.568 2650.307 321.3390253 9.1511387
163 7 1780.342 2690.479 321.3293423 9.1534534
164 7 1444.258 2694.477 321.3483072 9.1535050
165 7 203.398 2748.824 321.4180362 9.1557166
166 7 52.278 2761.162 321.4265159 9.1562896
167 7 230.350 2778.921 321.4165465 9.1573896
168 7 1365.330 2782.291 321.3527763 9.1583178
169 7 607.820 2794.901 321.3953470 9.1585527
173 7 553.606 2872.164 321.3983837 9.1627869
174 7 1571.764 2875.233 321.3411452 9.1635776
175 7 1106.781 2892.169 321.3673294 9.1642365
179 7 315.120 2916.678 321.4117909 9.1650730
180 7 261.654 2921.469 321.4147703 9.1653022
177 7 767.143 2916.743 321.3864089 9.1653939
176 7 1351.732 2911.960 321.3535211 9.1654913
178 7 885.487 2917.541 321.3798199 9.1655085
181 7 464.625 2926.708 321.4034257 9.1657434
182 7 150.157 2940.154 321.4210155 9.1662533
183 7 588.892 2968.134 321.3964357 9.1681097
187 7 23.544 2993.944 321.4280629 9.1691238
186 7 1848.702 2986.571 321.3255035 9.1699030
188 7 1100.214 3022.295 321.3676732 9.1714443
193 7 281.594 3058.388 321.4136244 9.1728767
195 7 748.069 3062.393 321.3874975 9.1734267
192 7 1611.613 3053.204 321.3388534 9.1734668
191 7 1584.378 3055.434 321.3404577 9.1735585
194 7 1737.400 3063.812 321.3318060 9.1741086
196 7 1521.941 3068.469 321.3439527 9.1742461
198 7 215.622 3085.450 321.4173486 9.1743205
197 7 1790.596 3084.642 321.3287693 9.1752888
200 7 466.089 3113.693 321.4033112 9.1760681
203 7 504.912 3137.542 321.4011339 9.1774088
201 7 1762.359 3128.105 321.3304309 9.1776724
205 7 302.515 3174.234 321.4124212 9.1792766
206 7 1196.886 3191.119 321.3622301 9.1808293
208 7 815.331 3208.631 321.3837160 9.1815455
209 7 411.335 3215.927 321.4063478 9.1816716
210 7 687.361 3247.920 321.3908780 9.1836254
211 7 748.324 3263.893 321.3874975 9.1845536
212 7 1082.539 3271.345 321.3687045 9.1851838
213 7 802.809 3318.421 321.3844035 9.1875960
214 7 1435.948 3316.760 321.3488229 9.1879111
216 7 114.077 3342.297 321.4229636 9.1883924
215 7 1467.930 3331.885 321.3469894 9.1887705
217 7 40.319 3390.625 321.4270889 9.1909936
218 7 1081.941 3404.641 321.3687618 9.1925349
220 7 659.412 3421.678 321.3924250 9.1932052
219 7 1197.502 3416.177 321.3622301 9.1932396
221 7 1676.360 3451.905 321.3352438 9.1955028
223 7 797.359 3560.561 321.3846900 9.2009230
225 7 109.539 3603.783 321.4231928 9.2027679
227 7 942.524 3614.694 321.3765540 9.2040112
226 7 1385.906 3613.803 321.3516304 9.2042461
229 7 611.935 3655.141 321.3950606 9.2059937
230 7 1000.307 3667.115 321.3732882 9.2069218
231 7 529.282 3673.583 321.3997015 9.2069390
232 7 1076.467 3681.772 321.3690483 9.2077813
233 7 1609.678 3692.525 321.3390253 9.2087095
235 7 282.317 3736.698 321.4135098 9.2102049
234 7 1813.241 3721.758 321.3275661 9.2104283
236 7 1491.946 3754.115 321.3456716 9.2120269
237 7 569.972 3800.681 321.3974097 9.2139406
238 7 148.550 3846.814 321.4209583 9.2161350
239 7 929.065 3849.894 321.3772989 9.2169200
241 7 1973.356 3878.440 321.3185707 9.2191373
243 7 868.919 3915.112 321.3806220 9.2204494
244 7 446.351 3924.005 321.4042852 9.2206098
245 7 996.049 3928.652 321.3735173 9.2212802
247 7 1364.769 3966.935 321.3528336 9.2236350
248 7 306.133 3993.494 321.4121347 9.2242997
252 7 1736.002 4015.995 321.3319779 9.2265399
253 7 1162.419 4032.001 321.3641781 9.2270613
254 7 1898.276 4056.323 321.3228106 9.2288547
255 7 1220.650 4077.472 321.3609123 9.2295938
256 7 1305.487 4079.573 321.3561567 9.2297657
257 7 1675.332 4090.420 321.3353584 9.2305965
258 7 1309.309 4110.500 321.3559275 9.2314674
259 7 524.034 4124.887 321.3999307 9.2316679
260 7 891.034 4130.358 321.3793615 9.2322580
0 8 594.855 16.365 321.5109699 8.7683284
2 8 1398.510 31.207 321.4666230 8.7688670
1 8 1032.659 29.327 321.4868484 8.7688842
3 8 410.452 48.532 321.5211686 8.7701504
5 8 574.568 62.969 321.5121731 8.7708780
6 8 2001.768 123.248 321.4332195 8.7736798
7 8 40.860 136.961 321.5415659 8.7751007
8 8 130.983 138.850 321.5366384 8.7751810
9 8 896.390 148.678 321.4944687 8.7754560
10 8 326.336 174.351 321.5259241 8.7770545
11 8 965.549 222.080 321.4907445 8.7794438
12 8 278.375 230.211 321.5286170 8.7801256
13 8 256.114 240.848 321.5298775 8.7807100
16 8 1569.581 284.188 321.4573411 8.7826409
15 8 1643.226 285.542 321.4532731 8.7826982
17 8 1739.376 289.230 321.4479446 8.7828758
18 8 49.227 330.376 321.5413367 8.7856661
20 8 1027.721 445.016 321.4875359 8.7916191
21 8 608.662 479.070 321.5106834 8.7936245
23 8 102.646 501.554 321.5385865 8.7950168
24 8 912.729 509.430 321.4939531 8.7951886
26 8 841.722 529.176 321.4979065 8.7962887
27 8 1365.593 533.191 321.4689148 8.7963575
25 8 466.678 528.920 321.5185330 8.7964033
29 8 1985.597 562.207 321.4344801 8.7977899
32 8 811.240 665.852 321.4996827 8.8037945
33 8 739.355 688.287 321.5036934 8.8050492
34 8 1227.582 700.348 321.4767070 8.8055706
36 8 1359.293 722.083 321.4694305 8.8067223
35 8 877.023 721.275 321.4961303 8.8068197
37 8 1669.187 793.913 321.4522990 8.8105897
39 8 1875.849 804.440 321.4408399 8.8111283
42 8 1557.321 900.393 321.4586016 8.8164740
43 8 686.652 919.670 321.5067873 8.8177632
44 8 613.010 922.053 321.5108553 8.8179122
45 8 518.784 947.623 321.5161265 8.8193445
46 8 2035.102 963.136 321.4320736 8.8198316
47 8 339.187 968.736 321.5259814 8.8205535
49 8 1637.210 975.914 321.4542471 8.8206108
50 8 1595.928 985.621 321.4565389 8.8211436
51 8 176.244 998.210 321.5350341 8.8222151
52 8 1872.060 1007.519 321.4411837 8.8223010
54 8 1924.535 1027.655 321.4383189 8.8234068
53 8 1178.009 1025.126 321.4797437 8.8234240
56 8 1446.488 1037.687 321.4648468 8.8240543
55 8 1799.386 1039.155 321.4452517 8.8240600
57 8 1498.405 1044.645 321.4619820 8.8244210
58 8 1080.306 1055.059 321.4851868 8.8250970
62 8 2010.689 1141.957 321.4335633 8.8296864
61 8 757.646 1140.215 321.5031204 8.8298641
63 8 514.795 1167.049 321.5165276 8.8313938
64 8 1295.972 1198.212 321.4733839 8.8329752
66 8 1291.380 1244.045 321.4736704 8.8354504
68 8 1785.043 1261.320 321.4462257 8.8363156
67 8 19.336 1256.798 321.5439150 8.8364473
69 8 1579.849 1266.683 321.4576848 8.8366421
70 8 1474.453 1269.893 321.4635290 8.8368427
71 8 1085.892 1286.996 321.4850722 8.8378625
72 8 1410.963 1298.274 321.4670814 8.8384183
73 8 1698.361 1299.351 321.4510958 8.8384298
74 8 497.798 1332.580 321.5175589 8.8405096
75 8 1428.519 1394.191 321.4661646 8.8437067
77 8 247.126 1461.663 321.5315391 8.8476601
80 8 1963.172 1492.050 321.4364854 8.8490352
81 8 942.580 1512.614 321.4932082 8.8503244
82 8 191.519 1553.992 321.5346331 8.8527537
83 8 197.343 1615.878 321.5344039 8.8561628
86 8 1820.842 1717.758 321.4446214 8.8615429
87 8 1438.509 1733.366 321.4658781 8.8624424
88 8 680.716 1745.148 321.5078759 8.8632045
89 8 949.353 1765.129 321.4930363 8.8642702
90 8 292.220 1769.522 321.5293046 8.8646139
91 8 787.590 1813.776 321.5020318 8.8669745
93 8 1609.444 1820.166 321.4564243 8.8672324
94 8 1768.002 1825.521 321.4476008 8.8675131
95 8 1032.445 1824.815 321.4884527 8.8675475
96 8 1867.424 1855.219 321.4421004 8.8691518
97 8 641.210 1887.832 321.5101678 8.8710884
99 8 186.178 1905.761 321.5352633 8.8721426
100 8 425.360 1917.755 321.5220853 8.8727671
101 8 1546.729 1934.549 321.4600340 8.8735693
103 8 1491.770 1967.555 321.4631279 8.8753970
104 8 1683.153 1970.181 321.4524709 8.8755345
105 8 132.805 2032.489 321.5382427 8.8791327
109 8 140.444 2101.207 321.5378989 8.8829199
110 8 1723.031 2107.773 321.4502937 8.8831606
111 8 389.769 2114.726 321.5242052 8.8836361
114 8 1878.856 2123.407 321.4416420 8.8840200
113 8 960.475 2122.758 321.4926926 8.8840372
117 8 444.482 2183.809 321.5212259 8.8874578
118 8 1973.291 2187.513 321.4364281 8.8875724
119 8 126.208 2208.488 321.5387584 8.8888443
120 8 1511.966 2215.414 321.4621539 8.8891308
121 8 833.224 2223.496 321.4997972 8.8896178
126 8 975.528 2291.654 321.4920050 8.8933822
127 8 166.475 2296.221 321.5366384 8.8936858
128 8 115.587 2313.824 321.5394459 8.8946770
130 8 960.914 2333.048 321.4928072 8.8956797
131 8 1777.221 2350.324 321.4474289 8.8966194
132 8 1127.213 2391.446 321.4836398 8.8989055
134 8 1069.239 2463.892 321.4869057 8.9029276
135 8 1572.170 2470.274 321.4590026 8.9032771
136 8 1690.647 2472.548 321.4523563 8.9034089
137 8 1650.984 2482.761 321.4545909 8.9039704
139 8 967.677 2509.824 321.4925780 8.9054601
140 8 1798.583 2528.270 321.4463976 8.9065029
141 8 1362.293 2531.871 321.4706910 8.9066920
142 8 1472.959 2541.552 321.4645030 8.9072363
144 8 1273.716 2554.932 321.4756184 8.9079697
143 8 88.995 2572.838 321.5410502 8.9089322
146 8 191.810 2579.432 321.5354352 8.9093333
147 8 1297.761 2581.326 321.4743006 8.9094364
149 8 1987.995 2596.051 321.4358552 8.9102844
150 8 895.333 2602.030 321.4966460 8.9105823
151 8 743.183 2602.999 321.5050112 8.9106396
154 8 1960.643 2609.415 321.4373448 8.9110235
153 8 1362.148 2612.298 321.4707483 8.9111553
155 8 715.480 2629.564 321.5065581 8.9121121
156 8 1674.576 2640.329 321.4533304 8.9127309
157 8 383.953 2645.370 321.5248928 8.9129773
158 8 1903.914 2650.858 321.4405534 8.9133268
160 8 174.526 2668.668 321.5364092 8.9142722
162 8 600.755 2798.444 321.5130326 8.9214743
163 8 684.946 2853.475 321.5083916 8.9244995
165 8 1269.229 2856.344 321.4760768 8.9247000
164 8 1022.208 2856.869 321.4897132 8.9247058
167 8 1118.939 2870.058 321.4843847 8.9254506
166 8 884.447 2870.612 321.4973908 8.9254621
168 8 282.568 2883.622 321.5306224 8.9261668
170 8 450.989 2886.464 321.5213405 8.9263158
169 8 1154.908 2889.260 321.4824366 8.9265220
171 8 1525.665 2893.542 321.4618101 8.9267856
172 8 1061.855 2912.587 321.4875932 8.9277883
173 8 1018.254 2926.160 321.4899997 8.9285503
174 8 828.424 2940.161 321.5005421 8.9293181
175 8 1335.208 2981.446 321.4724672 8.9316557
176 8 314.466 2995.024 321.5289608 8.9323204
177 8 361.480 3028.709 321.5263825 8.9341939
178 8 237.240 3079.883 321.5332580 8.9370186
180 8 681.240 3083.336 321.5087354 8.9372535
179 8 1794.737 3083.648 321.4468559 8.9373968
182 8 681.495 3111.470 321.5087354 8.9388177
183 8 88.475 3123.707 321.5414513 8.9394365
184 8 610.832 3123.374 321.5126315 8.9394651
185 8 904.842 3156.680 321.4964168 8.9413502
186 8 1967.924 3168.632 321.4372303 8.9421523
187 8 1338.801 3221.713 321.4723526 8.9450171
188 8 1985.666 3249.788 321.4363135 8.9466844
189 8 49.726 3277.733 321.5436285 8.9479507
190 8 760.066 3289.129 321.5044955 8.9486840
192 8 50.826 3304.096 321.5436285 8.9494174
191 8 1547.082 3304.233 321.4607788 8.9496466
193 8 538.646 3322.032 321.5167568 8.9504831
195 8 336.742 3355.982 321.5279295 8.9523338
196 8 312.125 3377.269 321.5292473 8.9535141
198 8 494.007 3384.764 321.5192205 8.9539552
199 8 889.432 3430.491 321.4973908 8.9565622
201 8 865.326 3437.607 321.4987659 8.9569404
200 8 1308.560 3450.426 321.4741860 8.9577425
202 8 1047.730 3511.573 321.4886819 8.9610943
203 8 1091.803 3515.735 321.4862181 8.9613292
204 8 237.938 3523.723 321.5334299 8.9616214
205 8 922.233 3550.123 321.4956147 8.9632200
206 8 1294.257 3555.266 321.4749882 8.9635752
207 8 1375.281 3575.878 321.4705191 8.9647440
209 8 749.527 3592.991 321.5052403 8.9655634
208 8 2016.417 3590.211 321.4347092 8.9656780
212 8 1925.271 3651.543 321.4398659 8.9690756
213 8 1762.561 3666.718 321.4489759 8.9698835
215 8 1810.969 3687.024 321.4462257 8.9710294
217 8 1738.767 3711.807 321.4502937 8.9723873
222 8 807.259 3744.215 321.5020891 8.9739801
220 8 1853.024 3740.291 321.4439339 8.9740088
219 8 1801.497 3745.400 321.4467986 8.9742838
224 8 1554.035 3805.855 321.4606642 8.9775898
225 8 1175.680 3829.095 321.4816918 8.9787930
226 8 593.301 3880.342 321.5140066 8.9814859
227 8 1793.918 3894.456 321.4472570 8.9825917
229 8 498.740 3901.414 321.5192205 8.9826375
230 8 1788.140 3937.221 321.4476581 8.9849809
232 8 1856.677 3969.106 321.4438193 8.9867743
233 8 676.455 3998.467 321.5094229 8.9880806
235 8 311.520 4028.637 321.5295910 8.9896448
236 8 209.524 4061.330 321.5352060 8.9914267
237 8 187.878 4070.440 321.5364092 8.9919252
239 8 1179.700 4090.520 321.4815772 8.9933404
241 8 1202.161 4104.220 321.4803167 8.9941196
242 8 2023.618 4115.247 321.4345374 8.9949790
243 8 1031.694 4137.424 321.4898278 8.9959072
245 8 1084.664 4160.350 321.4868484 8.9972136
2 9 1822.512 62.786 321.3244722 8.7702077
0 9 1047.532 62.628 321.3679597 8.7702077
1 9 626.539 62.459 321.3915655 8.7702306
4 9 674.363 109.462 321.3888726 8.7728032
5 9 1110.706 154.053 321.3645219 8.7752153
6 9 579.525 157.330 321.3942584 8.7754388
7 9 1994.318 174.893 321.3149038 8.7763727
8 9 254.308 182.616 321.4124212 8.7768826
10 9 756.004 242.837 321.3844608 8.7801027
11 9 818.868 267.618 321.3809085 8.7814663
12 9 607.570 285.394 321.3927687 8.7824575
13 9 1891.875 295.103 321.3206906 8.7829675
15 9 1577.259 344.929 321.3384523 8.7856833
16 9 1746.793 352.375 321.3288839 8.7861015
17 9 457.453 381.207 321.4012485 8.7877402
18 9 1891.055 406.123 321.3208052 8.7890695
19 9 268.470 407.890 321.4117909 8.7892242
20 9 284.202 418.227 321.4109315 8.7898028
21 9 418.760 458.856 321.4034830 8.7920087
22 9 1727.581 506.121 321.3300871 8.7945527
23 9 448.321 553.458 321.4018788 8.7972055
24 9 333.159 615.357 321.4083532 8.8006146
25 9 1962.474 645.709 321.3169091 8.8022761
26 9 557.039 669.927 321.3958627 8.8035997
27 9 1602.414 678.781 321.3371918 8.8040695
28 9 732.113 699.775 321.3861224 8.8052211
29 9 1510.372 701.512 321.3424057 8.8053128
30 9 863.470 716.598 321.3787886 8.8061493
31 9 254.223 749.470 321.4128795 8.8080114
32 9 230.374 753.579 321.4141973 8.8082406
33 9 1266.536 759.078 321.3561567 8.8084813
34 9 117.354 778.361 321.4205572 8.8096215
35 9 1699.466 796.430 321.3318060 8.8105611
36 9 968.901 832.426 321.3728871 8.8125321
37 9 677.524 833.908 321.3892737 8.8126237
40 9 1385.175 888.455 321.3495677 8.8156203
41 9 829.650 934.211 321.3807939 8.8181471
42 9 243.519 960.269 321.4136244 8.8196253
44 9 421.071 1000.644 321.4037695 8.8218312
43 9 297.148 1001.958 321.4106450 8.8219229
45 9 1871.582 1018.449 321.3222376 8.8228453
46 9 1775.218 1043.370 321.3276807 8.8242147
47 9 1030.892 1064.812 321.3695639 8.8253606
48 9 1382.383 1068.377 321.3498542 8.8255669
49 9 1790.732 1084.579 321.3268213 8.8264893
51 9 23.078 1163.275 321.4261149 8.8308495
52 9 867.702 1193.484 321.3788459 8.8324653
54 9 1285.912 1246.442 321.3553546 8.8354103
55 9 105.122 1269.219 321.4216458 8.8366880
57 9 1345.664 1306.089 321.3520314 8.8387162
58 9 371.538 1308.405 321.4067489 8.8388366
59 9 1118.071 1348.316 321.3648657 8.8410310
62 9 1686.705 1361.457 321.3328373 8.8418159
60 9 1122.143 1362.743 321.3646365 8.8418446
64 9 1152.740 1394.679 321.3629176 8.8436150
66 9 1824.780 1407.205 321.3251024 8.8443713
67 9 456.063 1419.595 321.4021079 8.8449844
68 9 1336.016 1460.444 321.3526617 8.8472705
70 9 1949.032 1505.860 321.3181123 8.8499118
73 9 189.865 1557.096 321.4171194 8.8526105
74 9 1087.014 1576.056 321.3667564 8.8536704
75 9 799.982 1579.420 321.3829139 8.8538366
76 9 568.409 1600.286 321.3959200 8.8549940
78 9 1326.213 1606.612 321.3532919 8.8553779
77 9 1306.745 1608.031 321.3543806 8.8554523
79 9 781.262 1625.323 321.3840025 8.8563805
81 9 1897.464 1655.798 321.3210917 8.8581739
83 9 1229.038 1708.508 321.3588496 8.8610330
84 9 1829.439 1733.399 321.3249878 8.8624825
85 9 1292.488 1753.952 321.3552973 8.8635597
86 9 240.743 1839.285 321.4144265 8.8682465
87 9 1264.869 1845.407 321.3569016 8.8686418
88 9 1114.527 1863.132 321.3653813 8.8696101
90 9 1585.731 1916.978 321.3388534 8.8726583
91 9 443.472 1938.127 321.4031393 8.8737412
93 9 1206.917 1995.092 321.3602247 8.8769612
94 9 1419.180 2011.766 321.3482499 8.8779123
97 9 988.807 2069.969 321.3726006 8.8810922
96 9 31.389 2074.649 321.4262868 8.8813099
98 9 1395.184 2173.348 321.3497396 8.8869020
99 9 1599.021 2197.972 321.3382231 8.8883115
100 9 748.065 2217.201 321.3861797 8.8892511
101 9 1162.042 2228.760 321.3628603 8.8899616
105 9 682.941 2312.130 321.3899039 8.8945395
106 9 1824.213 2312.301 321.3255608 8.8947171
107 9 667.210 2336.927 321.3908207 8.8959261
108 9 1784.197 2341.918 321.3277953 8.8963615
109 9 1272.649 2347.040 321.3567297 8.8965678
110 9 666.153 2420.657 321.3909353 8.9005842
111 9 445.305 2512.777 321.4033684 8.9057065
113 9 276.911 2532.602 321.4128223 8.9067836
112 9 175.376 2533.227 321.4184945 8.9068066
115 9 612.601 2573.158 321.3940292 8.9090755
116 9 1190.765 2593.236 321.3614279 8.9102787
117 9 1428.588 2592.566 321.3480207 8.9102901
118 9 541.692 2609.559 321.3979826 8.9110923
119 9 1787.437 2607.181 321.3277380 8.9111725
121 9 846.128 2637.864 321.3809085 8.9127080
122 9 796.607 2664.305 321.3836587 8.9141805
123 9 626.557 2677.558 321.3932844 8.9148910
125 9 1246.166 2727.894 321.3583913 8.9178016
126 9 1435.619 2767.793 321.3476769 8.9200705
127 9 1339.035 2770.103 321.3531773 8.9201851
128 9 313.951 2777.798 321.4108742 8.9204372
129 9 1771.596 2779.616 321.3287120 8.9207925
131 9 1771.009 2837.950 321.3287693 8.9240583
134 9 1151.859 2937.591 321.3637771 8.9295014
135 9 662.408 2966.126 321.3913936 8.9310026
136 9 2034.768 3005.942 321.3138724 8.9335178
137 9 1964.667 3042.418 321.3178831 8.9355347
138 9 1591.736 3062.318 321.3390253 8.9365717
139 9 399.864 3084.424 321.4062332 8.9375515
140 9 1036.141 3088.297 321.3704234 8.9378895
141 9 941.192 3110.113 321.3757519 8.9390927
142 9 1909.321 3110.310 321.3210344 8.9393276
143 9 260.983 3127.723 321.4140255 8.9399350
144 9 1866.831 3190.006 321.3234981 8.9437738
146 9 168.411 3251.291 321.4192967 8.9468162
149 9 418.462 3272.629 321.4052592 8.9480652
150 9 190.486 3279.024 321.4180362 8.9483804
151 9 1302.155 3287.584 321.3554692 8.9490908
152 9 1124.971 3321.663 321.3654959 8.9509644
153 9 1303.509 3356.048 321.3554119 8.9529297
154 9 736.143 3380.204 321.3874402 8.9541386
158 9 816.958 3443.605 321.3829139 8.9577081
157 9 1371.260 3444.128 321.3516304 8.9578743
160 9 883.230 3473.516 321.3791896 8.9593869
159 9 1567.112 3472.542 321.3405723 8.9595588
161 9 1414.429 3476.740 321.3492239 8.9596791
165 9 408.248 3518.166 321.4058895 8.9617761
164 9 2029.002 3515.251 321.3144454 8.9620282
166 9 1458.952 3554.358 321.3467029 8.9640680
167 9 1537.969 3558.351 321.3422339 8.9643143
168 9 2002.137 3584.951 321.3159351 8.9659301
170 9 11.746 3605.682 321.4282348 8.9665603
169 9 1478.040 3599.884 321.3456716 8.9666176
171 9 657.243 3606.602 321.3919666 8.9667838
172 9 55.605 3615.375 321.4257711 8.9671046
174 9 1303.959 3628.712 321.3554692 8.9681875
175 9 763.493 3637.448 321.3860078 8.9685313
176 9 1759.767 3715.429 321.3297434 8.9731608
177 9 1718.456 3736.323 321.3320925 8.9743239
178 9 241.777 3780.755 321.4154006 8.9763980
181 9 1404.282 3830.482 321.3498542 8.9795092
183 9 428.168 3858.719 321.4049154 8.9808098
182 9 1544.591 3857.922 321.3419474 8.9810848
184 9 1830.941 3924.970 321.3257900 8.9849351
185 9 432.099 3949.013 321.4047435 8.9858518
188 9 404.610 4022.828 321.4063478 8.9899771
187 9 1478.520 4017.523 321.3457862 8.9900115
189 9 2012.989 4041.724 321.3155340 8.9915241
190 9 1231.575 4069.861 321.3597664 8.9928591
191 9 539.425 4147.990 321.3987848 8.9970130
