--- doTansip_local : start ---
--- doTansip : get APRM ---
--- doTansip : get CCD  ---
--- doTansip : get REF ---
<SWIG.SLVTS_SWIG.VVS; proxy of <Swig Object of type 'std::vector< std::vector< std::string,std::allocator< std::string > > > *' at 0x1049eae10> >
--- doTansip : SOLVE TANSIP ---
-- SET APRM --
-- SET CCDs --
-- SET REFs --
-- CHECK INPUT --
-- REJECT BAD REFERENCES --
-- DETERMINE CCD POSITIONS --
0	14860.6312	-6789.52821	1.5475988e-06	2048	4176
1	14861.0154	-2311.76147	-4.62674214e-07	2048	4176
2	14862.1435	2163.47373	9.448328e-08	2048	4176
3	14861.4827	6641.29926	-1.12903318e-06	2048	4176
4	12736.3243	-11264.048	-4.5518926e-07	2048	4176
5	12737.7485	-6788.46936	-6.14358543e-06	2048	4176
6	12738.5185	-2312.58688	-1.08845768e-05	2048	4176
7	12739.8281	2163.20097	8.59230231e-06	2048	4176
8	12739.8153	6641.35057	-4.80534626e-06	2048	4176
9	12739.4653	11116.5582	-1.02802815e-05	2048	4176
10	10614.4009	-11263.3011	-2.73034468e-06	2048	4176
11	10614.5741	-6788.58814	1.33850141e-05	2048	4176
12	10615.0654	-2308.6607	-1.09729353e-05	2048	4176
13	10614.8122	2163.62868	-9.07614799e-06	2048	4176
14	10617.1059	6640.59443	1.02549302e-05	2048	4176
15	10616.3051	11116.683	-4.87198464e-06	2048	4176
16	8489.77702	-11041.6783	-8.49612246e-06	2048	4176
17	8490.43415	-6562.45521	-5.47737298e-06	2048	4176
18	8491.69349	-2087.9188	-5.30268792e-06	2048	4176
19	8492.15633	2163.47059	2.8188804e-06	2048	4176
20	8491.44494	6641.45674	-1.46331857e-06	2048	4176
21	8493.39221	11115.2638	1.74968351e-05	2048	4176
22	6365.31915	-15513.2123	-1.9081276e-06	2048	4176
23	6368.4982	-11038.4914	9.08886589e-06	2048	4176
24	6368.61434	-6561.58458	5.80740923e-06	2048	4176
25	6368.37958	-2084.36431	3.33011378e-06	2048	4176
26	6369.96557	2162.93547	-3.59060849e-06	2048	4176
27	6370.08966	6641.61446	3.93130282e-06	2048	4176
28	6371.83576	11116.4668	1.41634395e-05	2048	4176
29	6369.48167	15593.1996	-2.08473517e-06	2048	4176
30	4244.80467	-15512.9235	4.38779609e-06	2048	4176
31	4244.35103	-11040.3664	-4.90614603e-06	2048	4176
32	4242.80761	-6562.65674	2.78039118e-06	2048	4176
33	4246.70175	-2085.77701	6.38233687e-06	2048	4176
34	4246.15308	2163.20267	-1.42749315e-06	2048	4176
35	4245.64298	6640.67883	-8.09193442e-06	2048	4176
36	4247.56637	11115.6153	6.43123507e-07	2048	4176
37	4246.67344	15593.4767	-3.79913102e-06	2048	4176
38	2121.68718	-15513.266	-1.67643756e-06	2048	4176
39	2120.58905	-11037.938	-5.55030297e-06	2048	4176
40	2121.78133	-6562.07783	-3.1163166e-06	2048	4176
41	2122.83901	-2084.29275	-1.32217293e-06	2048	4176
42	2124.68913	2164.13026	6.70127377e-06	2048	4176
43	2122.57394	6641.49231	6.0469084e-06	2048	4176
44	2124.19726	11118.3048	3.32450318e-06	2048	4176
45	2123.82544	15593.6357	1.49995699e-06	2048	4176
46	-1.82313923	-15513.2618	-1.6708027e-06	2048	4176
47	-3.51502713	-11037.4643	1.17232497e-06	2048	4176
48	-0.719918014	-6562.77983	-3.14460536e-06	2048	4176
49	-0.0771332401	-2085.8673	1.77568314e-06	2048	4176
50	-1.34090219	2166.27112	1.57800442e-05	2048	4176
51	0.390223354	6641.09129	1.60208434e-05	2048	4176
52	0.839977838	11119.1213	-6.65069903e-06	2048	4176
53	0.903987379	15593.2027	6.71871689e-06	2048	4176
54	-2123.69637	-15514.0142	-3.3237657e-06	2048	4176
55	-2123.95273	-11037.0654	-8.65763784e-06	2048	4176
56	-2122.66943	-6560.62125	-2.09924581e-06	2048	4176
57	-2122.69157	-2087.06306	-1.19435581e-05	2048	4176
58	-2122.11516	2164.83442	2.08257649e-06	2048	4176
59	-2121.31807	6642.54636	-1.54588301e-06	2048	4176
60	-2119.97827	11118.3735	1.96042394e-06	2048	4176
61	-2122.15566	15594.3017	6.34124593e-06	2048	4176
62	-4245.42342	-15513.9627	7.43749838e-06	2048	4176
63	-4247.54218	-11037.4667	2.84438023e-06	2048	4176
64	-4246.67763	-6560.1781	-1.82381683e-06	2048	4176
65	-4245.56095	-2084.22751	-3.40391109e-07	2048	4176
66	-4244.95084	2165.47695	2.01535051e-07	2048	4176
67	-4244.07787	6643.77196	-3.87176033e-06	2048	4176
68	-4244.86096	11117.1561	2.02149347e-06	2048	4176
69	-4243.28479	15593.7763	-7.12479841e-06	2048	4176
70	-6370.2902	-15513.9941	-1.39292873e-05	2048	4176
71	-6370.09786	-11037.3662	2.67101307e-06	2048	4176
72	-6368.37177	-6561.05262	1.33868969e-06	2048	4176
73	-6371.44017	-2086.16547	5.19196473e-06	2048	4176
74	-6368.12887	2166.36693	4.13367983e-06	2048	4176
75	-6368.13184	6643.68413	-1.20195841e-06	2048	4176
76	-6368.01206	11119.3312	-4.51517256e-06	2048	4176
77	-6367.35616	15594.502	6.06320309e-07	2048	4176
78	-8491.99097	-11038.9783	1.52618822e-05	2048	4176
79	-8492.18656	-6559.73148	6.89223204e-06	2048	4176
80	-8491.26133	-2084.12159	-3.18582317e-06	2048	4176
81	-8492.94337	2168.17208	2.69527598e-07	2048	4176
82	-8492.60751	6642.57998	3.30691151e-06	2048	4176
83	-8491.14353	11118.2634	3.36393665e-06	2048	4176
84	-10615.7094	-11036.5086	1.45055747e-05	2048	4176
85	-10615.1437	-6560.70259	2.94028665e-06	2048	4176
86	-10615.1282	-2082.43832	-2.64993557e-06	2048	4176
87	-10616.4435	2389.37806	-8.39325024e-06	2048	4176
88	-10615.4906	6867.79407	-9.1635433e-06	2048	4176
89	-10614.0531	11343.5767	-5.76403346e-06	2048	4176
90	-12737.9541	-11035.0832	2.18539768e-06	2048	4176
91	-12740.1429	-6560.05861	1.07796604e-05	2048	4176
92	-12737.8336	-2082.94466	-1.00830087e-06	2048	4176
93	-12738.5922	2391.85442	-5.86954452e-06	2048	4176
94	-12737.1699	6869.64596	-3.21544244e-06	2048	4176
95	-12736.0789	11344.3536	-3.00200549e-06	2048	4176
96	-14862.2458	-6561.00618	8.07127555e-07	2048	4176
97	-14862.1418	-2083.00922	-6.27373706e-07	2048	4176
98	-14861.6544	2392.25333	-1.03767967e-05	2048	4176
99	-14861.1597	6869.66798	-1.57639971e-05	2048	4176
100	9587.94546	-14449.6993	-4.85884888e-06	4176	2048
101	9592.24421	14529.8449	1.80292857e-07	4176	2048
102	-9591.86365	-14448.9771	8.46090771e-06	4176	2048
103	-9588.21452	14530.1794	2.48135053e-06	4176	2048
--- doTansip_local :  end  ---
