10
1000
1000
5
5
0
0
0
5000
5000
0
0
0
0
-5.60000e-5
 0.00000
 0.00000
 5.60000e-5
 0.00000
 0.00000
-1.00000e-7
 1.25000e-11
-1.00000e-15
-5.00000e-19
 0.00000
-3.50000e-7
-5.00000e-10
 4.00000e-15
 2.50000e-18
-3.50000e-7
 8.75000e-12
 2.75000e-15
-7.75000e-20
-5.00000e-10
 2.50000e-15
 4.50000e-18
 2.50000e-15
-1.25000e-19
 2.50000e-18
 0.00000
 0.00000
-5.25000e-7
-5.00000e-10
 4.75000e-15
 2.50000e-18
 0.00000
-2.50000e-7
-1.25000e-11
 2.50000e-15
 5.00000e-19
-1.50000e-7
-5.00000e-10
 3.25000e-15
 4.00000e-18
 3.75000e-12
 2.50000e-15
 3.75000e-19
 1.25000e-16
 2.50000e-18
-1.00000e-19
 0.00000
 3.75000e-8
 9.50000e-8
-1.25000e-11
 1.25000e-15
 5.50000e-19
-4.00000e-5
 3.75000e-7
 5.00000e-10
-3.50000e-15
-2.25000e-18
 3.75000e-7
-8.50000e-12
-2.25000e-15
 6.00000e-20
 5.00000e-10
-2.00000e-15
-4.00000e-18
-2.25000e-15
 1.25000e-19
-2.00000e-18
 0.00000
-2.50000e-5
 5.50000e-7
 5.00000e-10
-4.00000e-15
-2.25000e-18
-1.25000e-6
 2.50000e-7
 1.50000e-11
-2.00000e-15
-5.50000e-19
 1.25000e-7
 5.00000e-10
-2.50000e-15
-3.25000e-18
-3.50000e-12
-2.25000e-15
-4.00000e-19
 3.00000e-17
-2.25000e-18
-1.00000e-19
