100
10000
10000
9
9
0
0
0
19000
19200
0
0
0
0
-4.700000e-5
 0.000000
 0.000000
 4.700000e-5
 0.000000
-1.732880e-10
 2.586470e-14
-1.258910e-17
-2.976040e-22
 1.050210e-25
 1.417200e-30
-3.655400e-34
-3.418840e-39
 7.535100e-43
 0.000000
 8.105030e-11
-1.055900e-10
 7.163650e-20
-6.205160e-21
 1.255880e-27
-1.121700e-28
-1.785140e-36
 1.016320e-37
 2.050150e-12
 8.764360e-17
-1.637400e-21
 8.128720e-25
 1.065880e-29
-4.889720e-33
 1.329180e-38
-3.721300e-42
-1.055370e-10
-3.922990e-20
-1.233960e-20
 4.220270e-27
-3.378930e-28
-9.776870e-36
 4.103270e-37
-4.471180e-20
-3.101910e-24
 1.420630e-29
-4.685630e-33
-1.491060e-37
 7.054280e-41
-7.022510e-21
 2.194530e-27
-3.372240e-28
-1.178800e-35
 6.161270e-37
 2.872500e-28
 2.740990e-32
 2.766310e-38
-4.592800e-41
-1.077660e-28
-3.687840e-36
 4.082930e-37
-5.286180e-37
-6.017310e-41
 9.391710e-38
 0.000000
 0.000000
-7.718470e-11
-1.055370e-10
 3.425560e-19
-7.026120e-21
-4.344700e-29
-1.077410e-28
 2.791650e-37
 9.387410e-38
 7.452400e-10
-4.158320e-15
-1.171980e-17
 3.090320e-23
 7.892520e-28
 3.101610e-32
 8.729790e-35
-3.005430e-40
 4.069600e-44
-1.486730e-10
-1.055900e-10
 4.796850e-19
-1.234730e-20
-1.072930e-27
-3.371820e-28
 3.687020e-36
 4.082110e-37
-4.340780e-17
 1.096850e-22
 6.538760e-25
-1.267160e-30
-6.048240e-34
 1.945410e-39
-2.390300e-42
 3.356080e-20
-6.189720e-21
-8.811880e-28
-3.378630e-28
 3.974800e-36
 6.161020e-37
 6.331990e-25
-7.875850e-32
-7.733490e-33
 5.369790e-39
 8.733720e-42
 7.446190e-29
-1.122730e-28
 1.958260e-36
 4.103030e-37
-3.210840e-33
-2.868900e-39
 2.237080e-41
-2.779040e-37
 1.018280e-37
 5.139690e-42
 0.000000
 3.903490e-10
-2.973690e-14
 1.322760e-17
 3.720580e-22
-1.311190e-25
-1.841070e-30
 4.835220e-34
 4.575740e-39
-1.032790e-42
 0.000000
-8.247410e-11
 1.054560e-10
-4.235350e-20
 4.114720e-20
-1.664180e-27
 1.253000e-28
 1.635100e-36
 3.432040e-38
-2.309520e-12
-1.360830e-16
 1.744350e-21
-7.527440e-25
-1.465580e-29
 6.547420e-33
-1.363660e-38
 3.972170e-42
 1.053870e-10
 8.761820e-20
 8.221920e-20
-5.444330e-27
 3.778820e-28
 1.069960e-35
 1.313470e-37
 5.299030e-20
 4.635810e-24
-9.143700e-30
 6.858510e-34
 2.004300e-37
-9.507720e-41
 4.227730e-20
-2.835680e-27
 3.767020e-28
 1.344020e-35
 1.962130e-37
-3.590410e-28
-4.145850e-32
-9.089000e-38
 8.653140e-41
 1.187970e-28
 4.166770e-36
 1.351910e-37
 6.981930e-37
 9.507550e-41
 4.649030e-38
 0.000000
 0.000000
 7.911240e-11
 1.053870e-10
-3.469650e-19
 4.228330e-20
 1.830780e-28
 1.187590e-28
-1.447870e-36
 4.655800e-38
-8.397340e-10
 4.668540e-15
 1.564390e-17
-3.760690e-23
-1.887270e-26
 4.609750e-32
-9.484210e-35
 1.916600e-40
-3.365610e-44
 1.490650e-10
 1.054560e-10
-4.532280e-19
 8.223480e-20
 1.566840e-27
 3.766190e-28
-8.045720e-36
 1.353450e-37
 5.060440e-17
-2.265930e-22
-8.743410e-25
 1.274370e-30
 1.432920e-33
-2.642680e-39
 2.632260e-42
 1.260510e-20
 4.113290e-20
 1.193110e-27
 3.777820e-28
-8.114130e-36
 1.963820e-37
-7.685660e-25
 2.601890e-30
 1.048630e-32
-5.041290e-39
-1.545060e-41
-1.007180e-28
 1.254120e-28
-3.371640e-36
 1.315320e-37
 4.083310e-33
-8.714590e-39
-3.104500e-41
 4.655860e-37
 3.408210e-38
-6.898480e-42
